10.900000000000013 10
10.950000000000014 10
11.000000000000014 10
11.050000000000015 10
11.100000000000016 10
11.150000000000016 10
11.200000000000017 10
11.250000000000018 10
11.300000000000018 10
11.35000000000002 10
11.40000000000002 10
11.45000000000002 10
11.500000000000021 10
11.550000000000022 10
11.600000000000023 10
11.650000000000023 10
11.700000000000024 10
11.750000000000025 10
11.800000000000026 10
11.850000000000026 10
11.900000000000027 10
11.950000000000028 10
12.000000000000028 10
12.05000000000003 10
12.10000000000003 10
12.15000000000003 10
12.200000000000031 10
12.250000000000032 10
12.300000000000033 10
12.350000000000033 10
12.400000000000034 10
12.450000000000035 10
12.500000000000036 10
12.550000000000036 10
12.600000000000037 13
12.650000000000038 16
12.700000000000038 20
12.750000000000039 20
12.80000000000004 20
12.85000000000004 20
12.900000000000041 20
12.950000000000042 20
13.000000000000043 20
13.050000000000043 20
13.100000000000044 20
13.150000000000045 20
13.200000000000045 20
13.250000000000046 20
13.300000000000047 20
13.350000000000048 20
13.400000000000048 20
13.450000000000049 20
13.50000000000005 20
13.55000000000005 20
13.600000000000051 20
13.650000000000052 20
13.700000000000053 20
13.750000000000053 20
13.800000000000054 20
13.850000000000055 20
13.900000000000055 20
13.950000000000056 20
14.000000000000057 20
14.050000000000058 20
14.100000000000058 20
14.150000000000059 23
14.20000000000006 26
14.25000000000006 29
14.300000000000061 29
14.350000000000062 29
14.400000000000063 29
14.450000000000063 29
14.500000000000064 29
14.550000000000065 29
14.600000000000065 29
14.650000000000066 29
14.700000000000067 29
14.750000000000068 29
14.800000000000068 29
14.850000000000069 29
14.90000000000007 29
14.95000000000007 29
15.000000000000071 29
15.050000000000072 29
15.100000000000072 29
15.150000000000073 29
15.200000000000074 29
15.250000000000075 29
15.300000000000075 29
15.350000000000076 29
15.400000000000077 29
15.450000000000077 29
15.500000000000078 29
15.550000000000079 29
15.60000000000008 29
15.65000000000008 29
15.700000000000081 29
15.750000000000082 29
15.800000000000082 29
15.850000000000083 29
15.900000000000084 30
15.950000000000085 31
16.000000000000085 32
16.050000000000086 32
16.100000000000087 33
16.150000000000087 34
16.200000000000088 35
16.25000000000009 35
16.30000000000009 35
16.35000000000009 35
16.40000000000009 35
16.45000000000009 35
16.500000000000092 35
16.550000000000093 35
16.600000000000094 35
16.650000000000095 35
16.700000000000095 35
16.750000000000096 35
16.800000000000097 35
16.850000000000097 35
16.900000000000098 35
16.9500000000001 35
17.0000000000001 35
17.0500000000001 35
17.1000000000001 35
17.1500000000001 35
17.200000000000102 35
17.250000000000103 35
17.300000000000104 35
17.350000000000104 35
17.400000000000105 35
17.450000000000106 35
17.500000000000107 35
17.550000000000107 35
17.600000000000108 35
17.65000000000011 35
17.70000000000011 35
17.75000000000011 35
17.80000000000011 35
17.85000000000011 35
17.900000000000112 35
17.950000000000113 35
18.000000000000114 35
18.050000000000114 35
18.100000000000115 35
18.150000000000116 35
18.200000000000117 35
18.250000000000117 36
18.300000000000118 38
18.35000000000012 40
18.40000000000012 41
18.45000000000012 43
18.50000000000012 45
18.55000000000012 47
18.600000000000122 49
18.650000000000123 51
18.700000000000124 53
18.750000000000124 53
18.800000000000125 53
18.850000000000126 53
18.900000000000126 53
18.950000000000127 53
19.000000000000128 53
19.05000000000013 53
19.10000000000013 53
19.15000000000013 53
19.20000000000013 53
19.25000000000013 53
19.300000000000132 53
19.350000000000133 53
19.400000000000134 53
19.450000000000134 53
19.500000000000135 53
19.550000000000136 53
19.600000000000136 53
19.650000000000137 53
19.700000000000138 53
19.75000000000014 53
19.80000000000014 53
19.85000000000014 53
19.90000000000014 53
19.95000000000014 53
20.000000000000142 53
20.050000000000143 53
20.100000000000144 53
20.150000000000144 53
20.200000000000145 53
20.250000000000146 53
20.300000000000146 53
20.350000000000147 53
20.400000000000148 53
20.45000000000015 53
20.50000000000015 53
20.55000000000015 53
20.60000000000015 53
20.65000000000015 53
20.700000000000152 53
20.750000000000153 53
20.800000000000153 53
20.850000000000154 53
20.900000000000155 53
20.950000000000156 53
21.000000000000156 53
21.050000000000157 53
21.100000000000158 53
21.15000000000016 53
21.20000000000016 53
21.25000000000016 53
21.30000000000016 53
21.35000000000016 53
21.400000000000162 53
21.450000000000163 53
21.500000000000163 53
21.550000000000164 53
21.600000000000165 53
21.650000000000166 53
21.700000000000166 53
21.750000000000167 55
21.800000000000168 56
21.85000000000017 58
21.90000000000017 60
21.95000000000017 61
22.00000000000017 63
22.05000000000017 64
22.100000000000172 66
22.150000000000173 68
22.200000000000173 70
22.250000000000174 72
22.300000000000175 74
22.350000000000176 76
22.400000000000176 79
22.450000000000177 80
22.500000000000178 80
22.55000000000018 80
22.60000000000018 80
22.65000000000018 80
22.70000000000018 80
22.75000000000018 80
22.800000000000182 80
22.850000000000183 80
22.900000000000183 80
22.950000000000184 80
23.000000000000185 80
23.050000000000185 80
23.100000000000186 80
23.150000000000187 80
23.200000000000188 80
23.25000000000019 80
23.30000000000019 80
23.35000000000019 80
23.40000000000019 80
23.45000000000019 80
23.500000000000192 80
23.550000000000193 80
23.600000000000193 80
23.650000000000194 80
23.700000000000195 80
23.750000000000195 80
23.800000000000196 80
23.850000000000197 80
23.900000000000198 80
23.9500000000002 80
24.0000000000002 80
24.0500000000002 80
24.1000000000002 80
24.1500000000002 80
24.200000000000202 80
24.250000000000203 80
24.300000000000203 80
24.350000000000204 80
24.400000000000205 80
24.450000000000205 80
24.500000000000206 80
24.550000000000207 80
24.600000000000207 80
24.650000000000208 80
24.70000000000021 80
24.75000000000021 80
24.80000000000021 80
24.85000000000021 80
24.90000000000021 80
24.950000000000212 80
25.000000000000213 80
25.050000000000214 80
25.100000000000215 80
25.150000000000215 80
25.200000000000216 80
25.250000000000217 80
25.300000000000217 80
25.350000000000218 80
25.40000000000022 80
25.45000000000022 80
25.50000000000022 80
25.55000000000022 80
25.60000000000022 80
25.650000000000222 80
25.700000000000223 80
25.750000000000224 80
25.800000000000225 80
25.850000000000225 80
25.900000000000226 80
25.950000000000227 80
26.000000000000227 80
26.050000000000228 80
26.10000000000023 80
26.15000000000023 80
26.20000000000023 80
26.25000000000023 80
26.30000000000023 80
26.350000000000232 80
26.400000000000233 80
26.450000000000234 80
26.500000000000234 80
26.550000000000235 80
26.600000000000236 80
26.650000000000237 80
26.700000000000237 80
26.750000000000238 80
26.80000000000024 80
26.85000000000024 80
26.90000000000024 80
26.95000000000024 81
27.00000000000024 83
27.050000000000242 84
27.100000000000243 86
27.150000000000244 88
27.200000000000244 90
27.250000000000245 90
27.300000000000246 92
27.350000000000247 94
27.400000000000247 96
27.450000000000248 96
27.50000000000025 99
27.55000000000025 101
27.60000000000025 102
27.65000000000025 104
27.70000000000025 106
27.750000000000252 108
27.800000000000253 111
27.850000000000254 113
27.900000000000254 115
27.950000000000255 117
28.000000000000256 118
28.050000000000257 119
28.100000000000257 120
28.150000000000258 120
28.20000000000026 120
28.25000000000026 120
28.30000000000026 120
28.35000000000026 120
28.40000000000026 120
28.450000000000262 120
28.500000000000263 120
28.550000000000264 120
28.600000000000264 120
28.650000000000265 120
28.700000000000266 120
28.750000000000266 120
28.800000000000267 120
28.850000000000268 120
28.90000000000027 120
28.95000000000027 120
29.00000000000027 120
29.05000000000027 120
29.10000000000027 120
29.150000000000272 120
29.200000000000273 120
29.250000000000274 120
29.300000000000274 120
29.350000000000275 120
29.400000000000276 120
29.450000000000276 120
29.500000000000277 120
29.550000000000278 120
29.60000000000028 120
29.65000000000028 120
29.70000000000028 120
29.75000000000028 120
29.80000000000028 120
29.850000000000282 120
29.900000000000283 120
29.950000000000284 120
30.000000000000284 120
30.050000000000285 120
30.100000000000286 120
30.150000000000286 120
30.200000000000287 120
30.250000000000288 120
30.30000000000029 120
30.35000000000029 120
30.40000000000029 120
30.45000000000029 120
30.50000000000029 120
30.550000000000292 120
30.600000000000293 120
30.650000000000293 120
30.700000000000294 120
30.750000000000295 120
30.800000000000296 120
30.850000000000296 120
30.900000000000297 120
30.950000000000298 120
31.0000000000003 120
31.0500000000003 120
31.1000000000003 120
31.1500000000003 120
31.2000000000003 120
31.250000000000302 120
31.300000000000303 120
31.350000000000303 120
31.400000000000304 120
31.450000000000305 120
31.500000000000306 120
31.550000000000306 120
31.600000000000307 120
31.650000000000308 120
31.70000000000031 120
31.75000000000031 120
31.80000000000031 120
31.85000000000031 120
31.90000000000031 120
31.950000000000312 120
32.00000000000031 120
32.05000000000031 120
32.100000000000314 120
32.15000000000032 120
32.200000000000315 120
32.25000000000031 120
32.30000000000032 120
32.35000000000032 120
32.40000000000032 120
32.450000000000315 120
32.50000000000032 120
32.550000000000324 120
32.60000000000032 120
32.65000000000032 120
32.70000000000032 120
32.75000000000033 120
32.800000000000324 120
32.85000000000032 120
32.900000000000325 120
32.95000000000033 120
33.00000000000033 120
33.050000000000324 120
33.10000000000033 120
33.15000000000033 120
33.20000000000033 120
33.25000000000033 120
33.30000000000033 120
33.350000000000335 120
33.40000000000033 120
33.45000000000033 120
33.500000000000334 120
33.55000000000034 120
33.600000000000335 120
33.65000000000033 120
33.70000000000034 120
33.75000000000034 120
33.80000000000034 120
33.850000000000335 120
33.90000000000034 120
33.950000000000344 120
34.00000000000034 120
34.05000000000034 120
34.10000000000034 120
34.15000000000035 120
34.200000000000344 120
34.25000000000034 120
34.300000000000345 120
34.35000000000035 120
34.40000000000035 120
34.450000000000344 120
34.50000000000035 120
34.55000000000035 120
34.60000000000035 120
34.65000000000035 120
34.70000000000035 120
34.750000000000355 121
34.80000000000035 122
34.85000000000035 124
34.900000000000354 125
34.95000000000036 126
35.000000000000355 128
35.05000000000035 130
35.10000000000036 132
35.15000000000036 134
35.20000000000036 135
35.250000000000355 135
35.30000000000036 136
35.350000000000364 138
35.40000000000036 140
35.45000000000036 142
35.50000000000036 144
35.55000000000037 145
35.600000000000364 147
35.65000000000036 149
35.700000000000365 151
35.75000000000037 153
35.80000000000037 155
35.850000000000364 157
35.90000000000037 159
35.95000000000037 161
36.00000000000037 163
36.05000000000037 165
36.10000000000037 167
36.150000000000375 170
36.20000000000037 171
36.25000000000037 173
36.300000000000374 175
36.35000000000038 177
36.400000000000375 177
36.45000000000037 179
36.50000000000038 179
36.55000000000038 180
36.60000000000038 180
36.650000000000375 180
36.70000000000038 180
36.750000000000384 180
36.80000000000038 180
36.85000000000038 180
36.90000000000038 180
36.95000000000039 180
37.000000000000384 180
37.05000000000038 180
37.100000000000385 180
37.15000000000039 180
37.20000000000039 180
37.250000000000384 180
37.30000000000039 180
37.35000000000039 180
37.40000000000039 180
37.45000000000039 180
37.50000000000039 180
37.550000000000395 180
37.60000000000039 180
37.65000000000039 180
37.700000000000394 180
37.7500000000004 180
37.800000000000395 180
37.85000000000039 180
37.9000000000004 180
37.9500000000004 180
38.0000000000004 180
38.050000000000395 180
38.1000000000004 180
38.150000000000404 180
38.2000000000004 180
38.2500000000004 180
38.3000000000004 180
38.350000000000406 180
38.400000000000404 180
38.4500000000004 180
38.500000000000405 180
38.55000000000041 180
38.600000000000406 180
38.650000000000404 180
38.70000000000041 180
38.75000000000041 180
38.80000000000041 180
38.850000000000406 180
38.90000000000041 180
38.950000000000415 180
39.00000000000041 180
39.05000000000041 180
39.10000000000041 180
39.15000000000042 180
39.200000000000415 180
39.25000000000041 180
39.300000000000416 180
39.35000000000042 180
39.40000000000042 180
39.450000000000415 180
39.50000000000042 180
39.55000000000042 180
39.60000000000042 180
39.65000000000042 180
39.70000000000042 180
39.750000000000426 180
39.80000000000042 180
39.85000000000042 180
39.900000000000425 180
39.95000000000043 180
40.000000000000426 180
40.05000000000042 180
40.10000000000043 180
40.15000000000043 180
40.20000000000043 180
40.250000000000426 180
40.30000000000043 180
40.350000000000435 180
40.40000000000043 180
40.45000000000043 180
40.50000000000043 180
40.55000000000044 180
40.600000000000435 180
40.65000000000043 180
40.700000000000436 180
40.75000000000044 180
40.80000000000044 180
40.850000000000435 180
40.90000000000044 180
40.95000000000044 180
41.00000000000044 180
41.05000000000044 180
41.10000000000044 180
41.150000000000446 180
41.20000000000044 180
41.25000000000044 180
41.300000000000445 180
41.35000000000045 180
41.400000000000446 180
41.45000000000044 180
41.50000000000045 180
41.55000000000045 180
41.60000000000045 180
41.650000000000446 180
41.70000000000045 180
41.750000000000455 180
41.80000000000045 180
41.85000000000045 180
41.90000000000045 180
41.95000000000046 180
42.000000000000455 180
42.05000000000045 180
42.100000000000456 180
42.15000000000046 180
42.20000000000046 180
42.250000000000455 180
42.30000000000046 180
42.35000000000046 180
42.40000000000046 180
42.45000000000046 180
42.50000000000046 180
42.550000000000466 180
42.60000000000046 180
42.65000000000046 180
42.700000000000465 180
42.75000000000047 180
42.800000000000466 180
42.85000000000046 180
42.90000000000047 180
42.95000000000047 180
43.00000000000047 180
43.050000000000466 180
43.10000000000047 180
43.150000000000475 180
43.20000000000047 180
43.25000000000047 180
43.30000000000047 180
43.35000000000048 180
43.400000000000475 180
43.45000000000047 180
43.500000000000476 180
43.55000000000048 180
43.60000000000048 180
43.650000000000475 180
43.70000000000048 180
43.75000000000048 180
43.80000000000048 180
43.85000000000048 180
43.90000000000048 180
43.950000000000486 180
44.00000000000048 180
44.05000000000048 180
44.100000000000485 181
44.15000000000049 178
44.200000000000486 176
44.25000000000048 174
44.30000000000049 173
44.35000000000049 169
44.40000000000049 165
44.450000000000486 162
44.50000000000049 159
44.550000000000495 158
44.60000000000049 158
44.65000000000049 154
44.70000000000049 151
44.7500000000005 148
44.800000000000495 144
44.85000000000049 143
44.900000000000496 140
44.9500000000005 138
45.0000000000005 135
45.050000000000495 132
45.1000000000005 124
45.1500000000005 120
45.2000000000005 116
45.2500000000005 112
45.3000000000005 108
45.350000000000506 104
45.4000000000005 100
45.4500000000005 96
45.500000000000504 92
45.55000000000051 87
45.600000000000506 83
45.6500000000005 79
45.70000000000051 79
45.75000000000051 77
45.80000000000051 75
45.850000000000506 75
45.90000000000051 75
45.950000000000514 75
46.00000000000051 75
46.05000000000051 75
46.10000000000051 75
46.15000000000052 75
46.200000000000514 75
46.25000000000051 75
46.300000000000516 75
46.35000000000052 75
46.40000000000052 75
46.450000000000514 75
46.50000000000052 75
46.55000000000052 75
46.60000000000052 75
46.65000000000052 75
46.70000000000052 75
46.750000000000526 75
46.80000000000052 75
46.85000000000052 75
46.900000000000524 75
46.95000000000053 75
47.000000000000526 75
47.05000000000052 75
47.10000000000053 75
47.15000000000053 75
47.20000000000053 75
47.250000000000526 75
47.30000000000053 75
47.350000000000534 75
47.40000000000053 75
47.45000000000053 75
47.50000000000053 75
47.55000000000054 75
47.600000000000534 75
47.65000000000053 75
47.700000000000536 75
47.75000000000054 75
47.80000000000054 75
47.850000000000534 75
47.90000000000054 75
47.95000000000054 75
48.00000000000054 75
48.05000000000054 75
48.10000000000054 75
48.150000000000546 75
48.20000000000054 75
48.25000000000054 75
48.300000000000544 75
48.35000000000055 75
48.400000000000546 75
48.45000000000054 75
48.50000000000055 75
48.55000000000055 75
48.60000000000055 75
48.650000000000546 75
48.70000000000055 75
48.750000000000554 75
48.80000000000055 75
48.85000000000055 75
48.90000000000055 75
48.95000000000056 75
49.000000000000554 75
49.05000000000055 75
49.100000000000556 75
49.15000000000056 75
49.20000000000056 75
49.250000000000554 75
49.30000000000056 75
49.35000000000056 75
49.40000000000056 75
49.45000000000056 75
49.50000000000056 75
49.550000000000566 75
49.60000000000056 75
49.65000000000056 75
49.700000000000564 75
49.75000000000057 75
49.800000000000566 75
49.85000000000056 75
49.90000000000057 75
49.95000000000057 75
50.00000000000057 75
50.050000000000566 75
50.10000000000057 75
50.150000000000574 75
50.20000000000057 75
50.25000000000057 75
50.30000000000057 75
50.35000000000058 75
50.400000000000574 75
50.45000000000057 75
50.500000000000576 75
50.55000000000058 75
50.60000000000058 75
50.650000000000574 75
50.70000000000058 75
50.75000000000058 75
50.80000000000058 75
50.85000000000058 75
50.90000000000058 75
50.950000000000585 75
51.00000000000058 75
51.05000000000058 75
51.100000000000584 75
51.15000000000059 75
51.200000000000585 75
51.25000000000058 75
51.30000000000059 75
51.35000000000059 75
51.40000000000059 75
51.450000000000585 75
51.50000000000059 75
51.550000000000594 75
51.60000000000059 75
51.65000000000059 75
51.70000000000059 75
51.7500000000006 71
51.800000000000594 70
51.85000000000059 120
51.900000000000595 122
51.9500000000006 125
52.0000000000006 126
52.050000000000594 126
52.1000000000006 126
52.1500000000006 126
52.2000000000006 126
52.2500000000006 126
52.3000000000006 126
52.350000000000605 126
52.4000000000006 126
52.4500000000006 125
52.500000000000604 126
52.55000000000061 126
52.600000000000605 126
52.6500000000006 126
52.70000000000061 126
52.75000000000061 126
52.80000000000061 126
52.850000000000605 126
52.90000000000061 126
52.950000000000614 126
53.00000000000061 126
53.05000000000061 126
53.10000000000061 126
53.15000000000062 126
53.200000000000614 126
53.25000000000061 126
53.300000000000615 126
53.35000000000062 126
53.40000000000062 126
53.450000000000614 126
53.50000000000062 126
53.55000000000062 126
53.60000000000062 126
53.65000000000062 126
53.70000000000062 126
53.750000000000625 126
53.80000000000062 126
53.85000000000062 126
53.900000000000624 126
53.95000000000063 126
54.000000000000625 126
54.05000000000062 126
54.10000000000063 126
54.15000000000063 126
54.20000000000063 126
54.250000000000625 126
54.30000000000063 126
54.350000000000634 126
54.40000000000063 126
54.45000000000063 126
54.50000000000063 126
54.55000000000064 126
54.600000000000634 126
54.65000000000063 126
54.700000000000635 126
54.75000000000064 126
54.80000000000064 126
54.850000000000634 126
54.90000000000064 126
54.95000000000064 126
55.00000000000064 126
55.05000000000064 126
55.10000000000064 126
55.150000000000645 126
55.20000000000064 126
55.25000000000064 126
55.300000000000644 126
55.35000000000065 126
55.400000000000645 126
55.45000000000064 126
55.50000000000065 126
55.55000000000065 126
55.60000000000065 126
55.650000000000645 126
55.70000000000065 126
55.750000000000654 126
55.80000000000065 126
55.85000000000065 126
55.90000000000065 126
55.95000000000066 126
56.000000000000654 126
56.05000000000065 126
56.100000000000655 126
56.15000000000066 126
56.20000000000066 126
56.250000000000654 126
56.30000000000066 126
56.35000000000066 126
56.40000000000066 126
56.45000000000066 126
56.50000000000066 126
56.550000000000665 126
56.60000000000066 126
56.65000000000066 126
56.700000000000664 126
56.75000000000067 126
56.800000000000665 126
56.85000000000066 126
56.90000000000067 126
56.95000000000067 126
57.00000000000067 126
57.050000000000665 126
57.10000000000067 126
57.150000000000674 126
57.20000000000067 126
57.25000000000067 126
57.30000000000067 126
57.350000000000676 126
57.400000000000674 126
57.45000000000067 126
57.500000000000675 126
57.55000000000068 126
57.600000000000676 126
57.650000000000674 126
57.70000000000068 126
57.75000000000068 126
57.80000000000068 126
57.850000000000676 126
57.90000000000068 126
57.950000000000685 126
58.00000000000068 126
58.05000000000068 126
58.10000000000068 126
58.15000000000069 126
58.200000000000685 126
58.25000000000068 126
58.300000000000686 126
58.35000000000069 126
58.40000000000069 126
58.450000000000685 126
58.50000000000069 126
58.55000000000069 126
58.60000000000069 126
58.65000000000069 126
58.70000000000069 126
58.750000000000696 126
58.80000000000069 126
58.85000000000069 126
58.900000000000695 126
58.9500000000007 126
59.000000000000696 126
59.05000000000069 126
59.1000000000007 126
59.1500000000007 126
59.2000000000007 126
59.250000000000696 126
59.3000000000007 126
59.350000000000705 126
59.4000000000007 126
59.4500000000007 126
59.5000000000007 126
59.55000000000071 126
59.600000000000705 126
59.6500000000007 126
59.700000000000706 126
59.75000000000071 126
59.80000000000071 126
59.850000000000705 126
59.90000000000071 126
59.95000000000071 126
60.00000000000071 126
60.05000000000071 126
60.10000000000071 126
60.150000000000716 126
60.20000000000071 126
60.25000000000071 126
60.300000000000715 126
60.35000000000072 126
60.400000000000716 126
60.45000000000071 126
60.50000000000072 129
60.55000000000072 129
60.60000000000072 130
60.650000000000716 131
60.70000000000072 132
60.750000000000725 133
60.80000000000072 134
60.85000000000072 135
60.90000000000072 135
60.95000000000073 136
61.000000000000725 137
61.05000000000072 138
61.100000000000726 139
61.15000000000073 139
61.20000000000073 140
61.250000000000725 141
61.30000000000073 135
61.35000000000073 134
61.40000000000073 133
61.45000000000073 132
61.50000000000073 130
61.550000000000736 129
61.60000000000073 128
61.65000000000073 126
61.700000000000735 125
61.75000000000074 124
61.800000000000736 122
61.85000000000073 121
61.90000000000074 120
61.95000000000074 119
62.00000000000074 119
62.050000000000736 119
62.10000000000074 119
62.150000000000745 119
62.20000000000074 119
62.25000000000074 119
62.30000000000074 119
62.35000000000075 119
62.400000000000745 119
62.45000000000074 119
62.500000000000746 119
62.55000000000075 119
62.60000000000075 119
62.650000000000745 119
62.70000000000075 119
62.75000000000075 119
62.80000000000075 119
62.85000000000075 119
62.90000000000075 119
62.950000000000756 119
63.00000000000075 119
63.05000000000075 119
63.100000000000755 119
63.15000000000076 119
63.200000000000756 119
63.25000000000075 119
63.30000000000076 119
63.35000000000076 119
63.40000000000076 119
63.450000000000756 119
63.50000000000076 119
63.550000000000765 119
63.60000000000076 119
63.65000000000076 119
63.70000000000076 119
63.75000000000077 119
63.800000000000765 119
63.85000000000076 119
63.900000000000766 119
63.95000000000077 119
64.00000000000077 119
64.05000000000076 119
64.10000000000076 119
64.15000000000077 119
64.20000000000077 119
64.25000000000077 119
64.30000000000078 119
64.35000000000078 119
64.40000000000077 119
64.45000000000077 119
64.50000000000077 119
64.55000000000078 119
64.60000000000078 119
64.65000000000077 119
64.70000000000078 119
64.75000000000078 119
64.80000000000078 119
64.85000000000078 119
64.90000000000077 119
64.95000000000078 119
65.00000000000078 119
65.05000000000078 119
65.10000000000079 119
65.15000000000079 119
65.20000000000078 119
65.25000000000078 119
65.30000000000078 119
65.35000000000079 119
65.40000000000079 119
65.45000000000078 119
65.5000000000008 119
65.5500000000008 119
65.60000000000079 119
65.65000000000079 119
65.70000000000078 119
65.7500000000008 119
65.8000000000008 119
65.85000000000079 119
65.9000000000008 119
65.9500000000008 119
66.0000000000008 119
66.0500000000008 119
66.10000000000079 119
66.1500000000008 119
66.2000000000008 119
66.2500000000008 119
66.30000000000081 119
66.3500000000008 119
66.4000000000008 119
66.4500000000008 119
66.5000000000008 119
66.55000000000081 119
66.6000000000008 119
66.6500000000008 119
66.70000000000081 119
66.75000000000081 119
66.80000000000081 119
66.8500000000008 119
66.9000000000008 119
66.95000000000081 119
67.00000000000081 119
67.05000000000081 119
67.10000000000082 119
67.15000000000082 119
67.20000000000081 119
67.25000000000081 119
67.30000000000081 119
67.35000000000082 119
67.40000000000082 119
67.45000000000081 119
67.50000000000082 119
67.55000000000082 119
67.60000000000082 119
67.65000000000082 119
67.70000000000081 119
67.75000000000082 119
67.80000000000082 119
67.85000000000082 119
67.90000000000083 119
67.95000000000083 119
68.00000000000082 119
68.05000000000082 119
68.10000000000082 119
68.15000000000083 119
68.20000000000083 119
68.25000000000082 119
68.30000000000084 119
68.35000000000083 119
68.40000000000083 119
68.45000000000083 119
68.50000000000082 119
68.55000000000084 119
68.60000000000083 119
68.65000000000083 119
68.70000000000084 119
68.75000000000084 119
68.80000000000084 119
68.85000000000083 119
68.90000000000083 119
68.95000000000084 119
69.00000000000084 119
69.05000000000084 119
69.10000000000085 119
69.15000000000084 119
69.20000000000084 119
69.25000000000084 119
69.30000000000084 119
69.35000000000085 119
69.40000000000084 119
69.45000000000084 119
69.50000000000085 119
69.55000000000085 119
69.60000000000085 119
69.65000000000084 119
69.70000000000084 119
69.75000000000085 119
69.80000000000085 118
69.85000000000085 118
69.90000000000086 112
69.95000000000086 110
70.00000000000085 109
70.05000000000085 106
70.10000000000085 104
70.15000000000086 102
70.20000000000086 99
70.25000000000085 98
70.30000000000086 98
70.35000000000086 97
70.40000000000086 96
70.45000000000086 95
70.50000000000085 94
70.55000000000086 93
70.60000000000086 98
70.65000000000086 98
70.70000000000087 98
70.75000000000087 98
70.80000000000086 98
70.85000000000086 98
70.90000000000086 98
70.95000000000087 98
71.00000000000087 98
71.05000000000086 98
71.10000000000088 98
71.15000000000087 98
71.20000000000087 98
71.25000000000087 98
71.30000000000086 98
71.35000000000088 98
71.40000000000087 98
71.45000000000087 98
71.50000000000088 98
71.55000000000088 98
71.60000000000088 98
71.65000000000087 98
71.70000000000087 98
71.75000000000088 98
71.80000000000088 98
71.85000000000088 98
71.90000000000089 98
71.95000000000088 98
72.00000000000088 98
72.05000000000088 98
72.10000000000088 98
72.15000000000089 98
72.20000000000088 98
72.25000000000088 98
72.30000000000089 98
72.35000000000089 98
72.40000000000089 98
72.45000000000088 98
72.50000000000088 98
72.55000000000089 98
72.60000000000089 98
72.65000000000089 98
72.7000000000009 98
72.7500000000009 98
72.80000000000089 98
72.85000000000089 98
72.90000000000089 98
72.9500000000009 98
73.0000000000009 98
73.05000000000089 98
73.1000000000009 98
73.1500000000009 98
73.2000000000009 98
73.2500000000009 98
73.30000000000089 98
73.3500000000009 98
73.4000000000009 98
73.4500000000009 98
73.50000000000091 98
73.5500000000009 98
73.6000000000009 98
73.6500000000009 98
73.7000000000009 98
73.75000000000091 98
73.8000000000009 98
73.8500000000009 98
73.90000000000092 98
73.95000000000091 98
74.00000000000091 98
74.0500000000009 98
74.1000000000009 98
74.15000000000092 98
74.20000000000091 98
74.25000000000091 98
74.30000000000092 98
74.35000000000092 98
74.40000000000092 98
74.45000000000091 98
74.50000000000091 98
74.55000000000092 98
74.60000000000092 98
74.65000000000092 98
74.70000000000093 98
74.75000000000092 98
74.80000000000092 98
74.85000000000092 98
74.90000000000092 98
74.95000000000093 98
75.00000000000092 98
75.05000000000092 98
75.10000000000093 98
75.15000000000093 98
75.20000000000093 98
75.25000000000092 98
75.30000000000092 98
75.35000000000093 98
75.40000000000093 98
75.45000000000093 98
75.50000000000094 98
75.55000000000094 98
75.60000000000093 98
75.65000000000093 98
75.70000000000093 98
75.75000000000094 98
75.80000000000094 98
75.85000000000093 98
75.90000000000094 98
75.95000000000094 98
76.00000000000094 98
76.05000000000094 98
76.10000000000093 98
76.15000000000094 98
76.20000000000094 98
76.25000000000094 98
76.30000000000095 98
76.35000000000095 98
76.40000000000094 98
76.45000000000094 98
76.50000000000094 98
76.55000000000095 98
76.60000000000095 98
76.65000000000094 98
76.70000000000095 98
76.75000000000095 98
76.80000000000095 98
76.85000000000095 98
76.90000000000094 98
76.95000000000095 98
77.00000000000095 98
77.05000000000095 98
77.10000000000096 98
77.15000000000096 98
77.20000000000095 98
77.25000000000095 98
77.30000000000095 98
77.35000000000096 98
77.40000000000096 98
77.45000000000095 98
77.50000000000097 98
77.55000000000096 98
77.60000000000096 98
77.65000000000096 98
77.70000000000095 98
77.75000000000097 98
77.80000000000096 98
77.85000000000096 98
77.90000000000097 98
77.95000000000097 98
78.00000000000097 98
78.05000000000096 98
78.10000000000096 98
78.15000000000097 98
78.20000000000097 98
78.25000000000097 98
78.30000000000098 98
78.35000000000097 98
78.40000000000097 108
78.45000000000097 108
78.50000000000097 108
78.55000000000098 108
78.60000000000097 109
78.65000000000097 109
78.70000000000098 109
78.75000000000098 109
78.80000000000098 110
78.85000000000097 110
78.90000000000097 110
78.95000000000098 110
79.00000000000098 110
79.05000000000098 110
79.10000000000099 110
79.15000000000099 110
79.20000000000098 110
79.25000000000098 110
79.30000000000098 110
79.35000000000099 110
79.40000000000099 110
79.45000000000098 110
79.500000000001 110
79.55000000000099 110
79.60000000000099 110
79.65000000000099 110
79.70000000000098 110
79.750000000001 110
79.80000000000099 110
79.85000000000099 110
79.900000000001 110
79.950000000001 110
80.000000000001 110
80.05000000000099 110
80.10000000000099 110
80.150000000001 110
80.200000000001 110
80.250000000001 110
80.300000000001 110
80.350000000001 110
80.400000000001 110
80.450000000001 110
80.500000000001 110
80.550000000001 110
80.600000000001 110
80.650000000001 110
80.70000000000101 110
80.75000000000101 110
80.800000000001 110
80.850000000001 110
80.900000000001 110
80.95000000000101 110
81.00000000000101 110
81.050000000001 110
81.10000000000102 110
81.15000000000101 110
81.20000000000101 110
81.25000000000101 110
81.300000000001 110
81.35000000000102 110
81.40000000000101 110
81.45000000000101 110
81.50000000000102 110
81.55000000000102 110
81.60000000000102 110
81.65000000000101 110
81.70000000000101 110
81.75000000000102 110
81.80000000000102 110
81.85000000000102 110
81.90000000000103 110
81.95000000000103 110
82.00000000000102 110
82.05000000000102 110
82.10000000000102 110
82.15000000000103 110
82.20000000000103 110
82.25000000000102 110
82.30000000000103 110
82.35000000000103 110
82.40000000000103 110
82.45000000000103 110
82.50000000000102 110
82.55000000000103 110
82.60000000000103 110
82.65000000000103 110
82.70000000000104 110
82.75000000000104 110
82.80000000000103 110
82.85000000000103 110
82.90000000000103 110
82.95000000000104 110
83.00000000000104 110
83.05000000000103 110
83.10000000000105 110
83.15000000000104 110
83.20000000000104 110
83.25000000000104 110
83.30000000000103 110
83.35000000000105 110
83.40000000000104 110
83.45000000000104 110
83.50000000000105 110
83.55000000000105 110
83.60000000000105 110
83.65000000000104 110
83.70000000000104 110
83.75000000000105 110
83.80000000000105 110
83.85000000000105 110
83.90000000000106 110
83.95000000000105 110
84.00000000000105 110
84.05000000000105 110
84.10000000000105 110
84.15000000000106 110
84.20000000000105 110
84.25000000000105 110
84.30000000000106 110
84.35000000000106 110
84.40000000000106 110
84.45000000000105 110
84.50000000000105 110
84.55000000000106 110
84.60000000000106 110
84.65000000000106 110
84.70000000000107 110
84.75000000000107 110
84.80000000000106 110
84.85000000000106 110
84.90000000000106 110
84.95000000000107 110
85.00000000000107 110
85.05000000000106 110
85.10000000000107 110
85.15000000000107 110
85.20000000000107 110
85.25000000000107 110
85.30000000000106 110
85.35000000000107 110
85.40000000000107 110
85.45000000000107 110
85.50000000000108 110
85.55000000000108 110
85.60000000000107 110
85.65000000000107 110
85.70000000000107 110
85.75000000000108 110
85.80000000000108 110
85.85000000000107 110
85.90000000000109 110
85.95000000000108 110
86.00000000000108 112
86.05000000000108 112
86.10000000000107 114
86.15000000000109 116
86.20000000000108 118
86.25000000000108 120
86.30000000000109 122
86.35000000000109 124
86.40000000000109 126
86.45000000000108 128
86.50000000000108 130
86.55000000000109 132
86.60000000000109 134
86.65000000000109 137
86.7000000000011 139
86.7500000000011 141
86.80000000000109 143
86.85000000000109 145
86.90000000000109 147
86.9500000000011 149
87.0000000000011 151
87.05000000000109 153
87.1000000000011 155
87.1500000000011 157
87.2000000000011 159
87.2500000000011 160
87.30000000000109 162
87.3500000000011 164
87.4000000000011 165
87.4500000000011 165
87.50000000000111 165
87.5500000000011 165
87.6000000000011 165
87.6500000000011 165
87.7000000000011 165
87.75000000000111 165
87.8000000000011 165
87.8500000000011 165
87.90000000000111 165
87.95000000000111 165
88.00000000000111 165
88.0500000000011 165
88.1000000000011 165
88.15000000000111 165
88.20000000000111 165
88.25000000000111 165
88.30000000000112 165
88.35000000000112 165
88.40000000000111 165
88.45000000000111 165
88.50000000000111 165
88.55000000000112 165
88.60000000000112 165
88.65000000000111 165
88.70000000000113 165
88.75000000000112 165
88.80000000000112 165
88.85000000000112 165
88.90000000000111 165
88.95000000000113 165
89.00000000000112 165
89.05000000000112 165
89.10000000000113 165
89.15000000000113 165
89.20000000000113 165
89.25000000000112 165
89.30000000000112 165
89.35000000000113 165
89.40000000000113 165
89.45000000000113 165
89.50000000000114 165
89.55000000000113 165
89.60000000000113 165
89.65000000000113 165
89.70000000000113 165
89.75000000000114 165
89.80000000000113 165
89.85000000000113 165
89.90000000000114 165
89.95000000000114 165
90.00000000000114 165
90.05000000000113 165
90.10000000000113 165
90.15000000000114 165
90.20000000000114 165
90.25000000000114 165
90.30000000000115 165
90.35000000000115 165
90.40000000000114 165
90.45000000000114 165
90.50000000000114 165
90.55000000000115 165
90.60000000000115 165
90.65000000000114 165
90.70000000000115 165
90.75000000000115 165
90.80000000000115 165
90.85000000000115 165
90.90000000000114 165
90.95000000000115 165
91.00000000000115 165
91.05000000000115 165
91.10000000000116 165
91.15000000000116 165
91.20000000000115 165
91.25000000000115 165
91.30000000000115 165
91.35000000000116 165
91.40000000000116 165
91.45000000000115 165
91.50000000000117 165
91.55000000000116 165
91.60000000000116 165
91.65000000000116 165
91.70000000000115 165
91.75000000000117 165
91.80000000000116 165
91.85000000000116 165
91.90000000000117 165
91.95000000000117 165
92.00000000000117 165
92.05000000000116 165
92.10000000000116 165
92.15000000000117 165
92.20000000000117 165
92.25000000000117 165
92.30000000000118 165
92.35000000000117 165
92.40000000000117 165
92.45000000000117 165
92.50000000000117 165
92.55000000000118 165
92.60000000000117 165
92.65000000000117 165
92.70000000000118 165
92.75000000000118 165
92.80000000000118 165
92.85000000000117 165
92.90000000000117 165
92.95000000000118 165
93.00000000000118 165
93.05000000000118 165
93.10000000000119 165
93.15000000000119 165
93.20000000000118 165
93.25000000000118 165
93.30000000000118 165
93.35000000000119 165
93.40000000000119 165
93.45000000000118 165
93.5000000000012 165
93.55000000000119 165
93.60000000000119 165
93.65000000000119 165
93.70000000000118 165
93.7500000000012 165
93.80000000000119 165
93.85000000000119 165
93.9000000000012 165
93.9500000000012 165
94.0000000000012 165
94.05000000000119 165
94.10000000000119 165
94.1500000000012 165
94.2000000000012 165
94.2500000000012 165
94.3000000000012 165
94.3500000000012 165
94.4000000000012 165
94.4500000000012 165
94.5000000000012 165
94.5500000000012 165
94.6000000000012 165
94.6500000000012 165
94.70000000000121 165
94.75000000000121 165
94.8000000000012 165
94.8500000000012 165
94.9000000000012 165
94.95000000000121 165
95.00000000000121 165
95.0500000000012 165
95.10000000000122 165
95.15000000000121 165
95.20000000000121 165
95.25000000000121 165
95.3000000000012 166
95.35000000000122 167
95.40000000000121 167
95.45000000000121 164
95.50000000000122 161
95.55000000000122 158
95.60000000000122 155
95.65000000000121 151
95.70000000000121 148
95.75000000000122 145
95.80000000000122 141
95.85000000000122 138
95.90000000000123 135
95.95000000000122 130
96.00000000000122 127
96.05000000000122 124
96.10000000000122 121
96.15000000000123 118
96.20000000000122 115
96.25000000000122 113
96.30000000000123 111
96.35000000000123 109
96.40000000000123 107
96.45000000000122 105
96.50000000000122 103
96.55000000000123 101
96.60000000000123 100
96.65000000000123 98
96.70000000000124 96
96.75000000000124 96
96.80000000000123 96
96.85000000000123 96
96.90000000000123 96
96.95000000000124 96
97.00000000000124 96
97.05000000000123 96
97.10000000000124 96
97.15000000000124 96
97.20000000000124 96
97.25000000000124 96
97.30000000000123 96
97.35000000000124 96
97.40000000000124 96
97.45000000000124 96
97.50000000000125 96
97.55000000000125 96
97.60000000000124 96
97.65000000000124 96
97.70000000000124 96
97.75000000000125 96
97.80000000000125 96
97.85000000000124 96
97.90000000000126 96
97.95000000000125 96
98.00000000000125 96
98.05000000000125 96
98.10000000000124 96
98.15000000000126 96
98.20000000000125 96
98.25000000000125 96
98.30000000000126 96
98.35000000000126 96
98.40000000000126 96
98.45000000000125 96
98.50000000000125 96
98.55000000000126 96
98.60000000000126 96
98.65000000000126 96
98.70000000000127 96
98.75000000000126 96
98.80000000000126 96
98.85000000000126 96
98.90000000000126 96
98.95000000000127 96
99.00000000000126 96
99.05000000000126 96
99.10000000000127 96
99.15000000000127 96
99.20000000000127 96
99.25000000000126 96
99.30000000000126 96
99.35000000000127 96
99.40000000000127 96
99.45000000000127 96
99.50000000000128 96
99.55000000000128 96
99.60000000000127 96
99.65000000000127 96
99.70000000000127 96
99.75000000000128 96
99.80000000000128 96
99.85000000000127 96
99.90000000000128 96
99.95000000000128 96
