10.75000000000001 10
10.800000000000011 10
10.850000000000012 10
10.900000000000013 10
10.950000000000014 10
11.000000000000014 10
11.050000000000015 10
11.100000000000016 10
11.150000000000016 10
11.200000000000017 11
11.250000000000018 12
11.300000000000018 14
11.35000000000002 15
11.40000000000002 17
11.45000000000002 19
11.500000000000021 20
11.550000000000022 20
11.600000000000023 20
11.650000000000023 20
11.700000000000024 20
11.750000000000025 20
11.800000000000026 20
11.850000000000026 20
11.900000000000027 20
11.950000000000028 20
12.000000000000028 20
12.05000000000003 22
12.10000000000003 23
12.15000000000003 24
12.200000000000031 26
12.250000000000032 29
12.300000000000033 30
12.350000000000033 30
12.400000000000034 30
12.450000000000035 30
12.500000000000036 30
12.550000000000036 30
12.600000000000037 30
12.650000000000038 30
12.700000000000038 30
12.750000000000039 30
12.80000000000004 30
12.85000000000004 30
12.900000000000041 30
12.950000000000042 30
13.000000000000043 30
13.050000000000043 30
13.100000000000044 30
13.150000000000045 30
13.200000000000045 30
13.250000000000046 30
13.300000000000047 30
13.350000000000048 30
13.400000000000048 30
13.450000000000049 30
13.50000000000005 30
13.55000000000005 30
13.600000000000051 31
13.650000000000052 31
13.700000000000053 31
13.750000000000053 31
13.800000000000054 31
13.850000000000055 31
13.900000000000055 31
13.950000000000056 31
14.000000000000057 32
14.050000000000058 32
14.100000000000058 32
14.150000000000059 32
14.20000000000006 32
14.25000000000006 32
14.300000000000061 32
14.350000000000062 32
14.400000000000063 32
14.450000000000063 32
14.500000000000064 32
14.550000000000065 32
14.600000000000065 32
14.650000000000066 32
14.700000000000067 32
14.750000000000068 32
14.800000000000068 32
14.850000000000069 32
14.90000000000007 32
14.95000000000007 32
15.000000000000071 33
15.050000000000072 33
15.100000000000072 34
15.150000000000073 34
15.200000000000074 34
15.250000000000075 35
15.300000000000075 35
15.350000000000076 36
15.400000000000077 36
15.450000000000077 38
15.500000000000078 38
15.550000000000079 39
15.60000000000008 39
15.65000000000008 39
15.700000000000081 40
15.750000000000082 41
15.800000000000082 41
15.850000000000083 42
15.900000000000084 42
15.950000000000085 42
16.000000000000085 42
16.050000000000086 42
16.100000000000087 42
16.150000000000087 42
16.200000000000088 42
16.25000000000009 42
16.30000000000009 42
16.35000000000009 42
16.40000000000009 42
16.45000000000009 42
16.500000000000092 42
16.550000000000093 42
16.600000000000094 42
16.650000000000095 42
16.700000000000095 42
16.750000000000096 42
16.800000000000097 42
16.850000000000097 42
16.900000000000098 42
16.9500000000001 42
17.0000000000001 42
17.0500000000001 43
17.1000000000001 44
17.1500000000001 44
17.200000000000102 46
17.250000000000103 46
17.300000000000104 47
17.350000000000104 48
17.400000000000105 48
17.450000000000106 48
17.500000000000107 50
17.550000000000107 51
17.600000000000108 52
17.65000000000011 53
17.70000000000011 54
17.75000000000011 56
17.80000000000011 57
17.85000000000011 57
17.900000000000112 58
17.950000000000113 59
18.000000000000114 59
18.050000000000114 60
18.100000000000115 61
18.150000000000116 62
18.200000000000117 63
18.250000000000117 63
18.300000000000118 64
18.35000000000012 64
18.40000000000012 64
18.45000000000012 64
18.50000000000012 64
18.55000000000012 64
18.600000000000122 64
18.650000000000123 64
18.700000000000124 64
18.750000000000124 64
18.800000000000125 64
18.850000000000126 64
18.900000000000126 64
18.950000000000127 64
19.000000000000128 64
19.05000000000013 64
19.10000000000013 64
19.15000000000013 64
19.20000000000013 64
19.25000000000013 64
19.300000000000132 64
19.350000000000133 64
19.400000000000134 64
19.450000000000134 64
19.500000000000135 64
19.550000000000136 64
19.600000000000136 64
19.650000000000137 64
19.700000000000138 64
19.75000000000014 64
19.80000000000014 64
19.85000000000014 64
19.90000000000014 64
19.95000000000014 66
20.000000000000142 66
20.050000000000143 66
20.100000000000144 66
20.150000000000144 69
20.200000000000145 69
20.250000000000146 69
20.300000000000146 71
20.350000000000147 71
20.400000000000148 72
20.45000000000015 72
20.50000000000015 72
20.55000000000015 73
20.60000000000015 74
20.65000000000015 76
20.700000000000152 76
20.750000000000153 78
20.800000000000153 80
20.850000000000154 81
20.900000000000155 81
20.950000000000156 83
21.000000000000156 84
21.050000000000157 85
21.100000000000158 85
21.15000000000016 85
21.20000000000016 86
21.25000000000016 87
21.30000000000016 88
21.35000000000016 89
21.400000000000162 90
21.450000000000163 91
21.500000000000163 92
21.550000000000164 94
21.600000000000165 95
21.650000000000166 95
21.700000000000166 95
21.750000000000167 95
21.800000000000168 96
21.85000000000017 96
21.90000000000017 96
21.95000000000017 96
22.00000000000017 96
22.05000000000017 96
22.100000000000172 96
22.150000000000173 96
22.200000000000173 96
22.250000000000174 96
22.300000000000175 96
22.350000000000176 96
22.400000000000176 96
22.450000000000177 96
22.500000000000178 96
22.55000000000018 96
22.60000000000018 96
22.65000000000018 96
22.70000000000018 96
22.75000000000018 96
22.800000000000182 96
22.850000000000183 96
22.900000000000183 96
22.950000000000184 96
23.000000000000185 96
23.050000000000185 96
23.100000000000186 96
23.150000000000187 96
23.200000000000188 96
23.25000000000019 96
23.30000000000019 96
23.35000000000019 96
23.40000000000019 96
23.45000000000019 96
23.500000000000192 96
23.550000000000193 96
23.600000000000193 96
23.650000000000194 96
23.700000000000195 96
23.750000000000195 96
23.800000000000196 96
23.850000000000197 96
23.900000000000198 96
23.9500000000002 96
24.0000000000002 96
24.0500000000002 96
24.1000000000002 96
24.1500000000002 96
24.200000000000202 96
24.250000000000203 97
24.300000000000203 99
24.350000000000204 99
24.400000000000205 99
24.450000000000205 99
24.500000000000206 100
24.550000000000207 102
24.600000000000207 103
24.650000000000208 103
24.70000000000021 103
24.75000000000021 104
24.80000000000021 106
24.85000000000021 106
24.90000000000021 106
24.950000000000212 108
25.000000000000213 108
25.050000000000214 108
25.100000000000215 108
25.150000000000215 109
25.200000000000216 110
25.250000000000217 112
25.300000000000217 114
25.350000000000218 114
25.40000000000022 114
25.45000000000022 116
25.50000000000022 118
25.55000000000022 120
25.60000000000022 120
25.650000000000222 121
25.700000000000223 122
25.750000000000224 124
25.800000000000225 126
25.850000000000225 126
25.900000000000226 128
25.950000000000227 128
26.000000000000227 128
26.050000000000228 128
26.10000000000023 129
26.15000000000023 130
26.20000000000023 130
26.25000000000023 130
26.30000000000023 132
26.350000000000232 133
26.400000000000233 134
26.450000000000234 135
26.500000000000234 135
26.550000000000235 137
26.600000000000236 138
26.650000000000237 139
26.700000000000237 141
26.750000000000238 142
26.80000000000024 142
26.85000000000024 142
26.90000000000024 142
26.95000000000024 142
27.00000000000024 142
27.050000000000242 143
27.100000000000243 144
27.150000000000244 144
27.200000000000244 144
27.250000000000245 144
27.300000000000246 144
27.350000000000247 144
27.400000000000247 144
27.450000000000248 144
27.50000000000025 144
27.55000000000025 144
27.60000000000025 144
27.65000000000025 144
27.70000000000025 144
27.750000000000252 144
27.800000000000253 144
27.850000000000254 144
27.900000000000254 144
27.950000000000255 144
28.000000000000256 144
28.050000000000257 144
28.100000000000257 144
28.150000000000258 144
28.20000000000026 144
28.25000000000026 144
28.30000000000026 144
28.35000000000026 144
28.40000000000026 144
28.450000000000262 144
28.500000000000263 144
28.550000000000264 144
28.600000000000264 144
28.650000000000265 144
28.700000000000266 144
28.750000000000266 144
28.800000000000267 144
28.850000000000268 144
28.90000000000027 144
28.95000000000027 144
29.00000000000027 144
29.05000000000027 144
29.10000000000027 144
29.150000000000272 144
29.200000000000273 144
29.250000000000274 144
29.300000000000274 144
29.350000000000275 144
29.400000000000276 144
29.450000000000276 144
29.500000000000277 144
29.550000000000278 144
29.60000000000028 144
29.65000000000028 144
29.70000000000028 144
29.75000000000028 144
29.80000000000028 144
29.850000000000282 144
29.900000000000283 144
29.950000000000284 144
30.000000000000284 144
30.050000000000285 144
30.100000000000286 144
30.150000000000286 144
30.200000000000287 144
30.250000000000288 144
30.30000000000029 144
30.35000000000029 144
30.40000000000029 144
30.45000000000029 144
30.50000000000029 144
30.550000000000292 144
30.600000000000293 144
30.650000000000293 144
30.700000000000294 144
30.750000000000295 145
30.800000000000296 147
30.850000000000296 149
30.900000000000297 149
30.950000000000298 149
31.0000000000003 149
31.0500000000003 149
31.1000000000003 149
31.1500000000003 150
31.2000000000003 152
31.250000000000302 154
31.300000000000303 155
31.350000000000303 155
31.400000000000304 155
31.450000000000305 155
31.500000000000306 156
31.550000000000306 158
31.600000000000307 159
31.650000000000308 159
31.70000000000031 159
31.75000000000031 161
31.80000000000031 162
31.85000000000031 162
31.90000000000031 162
31.950000000000312 162
32.00000000000031 162
32.05000000000031 162
32.100000000000314 164
32.15000000000032 165
32.200000000000315 165
32.25000000000031 167
32.30000000000032 169
32.35000000000032 171
32.40000000000032 171
32.450000000000315 171
32.50000000000032 172
32.550000000000324 173
32.60000000000032 175
32.65000000000032 177
32.70000000000032 180
32.75000000000033 180
32.800000000000324 181
32.85000000000032 182
32.900000000000325 182
32.95000000000033 183
33.00000000000033 185
33.050000000000324 187
33.10000000000033 189
33.15000000000033 189
33.20000000000033 191
33.25000000000033 192
33.30000000000033 192
33.350000000000335 192
33.40000000000033 192
33.45000000000033 192
33.500000000000334 192
33.55000000000034 193
33.600000000000335 194
33.65000000000033 195
33.70000000000034 195
33.75000000000034 195
33.80000000000034 195
33.850000000000335 197
33.90000000000034 198
33.950000000000344 200
34.00000000000034 201
34.05000000000034 203
34.10000000000034 203
34.15000000000035 203
34.200000000000344 205
34.25000000000034 205
34.300000000000345 206
34.35000000000035 208
34.40000000000035 209
34.450000000000344 211
34.50000000000035 212
34.55000000000035 213
34.60000000000035 213
34.65000000000035 213
34.70000000000035 213
34.750000000000355 213
34.80000000000035 213
34.85000000000035 213
34.900000000000354 214
34.95000000000036 215
35.000000000000355 216
35.05000000000035 216
35.10000000000036 216
35.15000000000036 216
35.20000000000036 216
35.250000000000355 216
35.30000000000036 216
35.350000000000364 216
35.40000000000036 216
35.45000000000036 216
35.50000000000036 216
35.55000000000037 216
35.600000000000364 216
35.65000000000036 216
35.700000000000365 216
35.75000000000037 216
35.80000000000037 216
35.850000000000364 216
35.90000000000037 216
35.95000000000037 216
36.00000000000037 216
36.05000000000037 216
36.10000000000037 216
36.150000000000375 216
36.20000000000037 216
36.25000000000037 216
36.300000000000374 216
36.35000000000038 216
36.400000000000375 216
36.45000000000037 216
36.50000000000038 216
36.55000000000038 216
36.60000000000038 216
36.650000000000375 216
36.70000000000038 216
36.750000000000384 216
36.80000000000038 216
36.85000000000038 216
36.90000000000038 216
36.95000000000039 216
37.000000000000384 216
37.05000000000038 216
37.100000000000385 216
37.15000000000039 216
37.20000000000039 216
37.250000000000384 216
37.30000000000039 216
37.35000000000039 216
37.40000000000039 216
37.45000000000039 216
37.50000000000039 216
37.550000000000395 216
37.60000000000039 216
37.65000000000039 216
37.700000000000394 216
37.7500000000004 216
37.800000000000395 216
37.85000000000039 216
37.9000000000004 216
37.9500000000004 216
38.0000000000004 216
38.050000000000395 216
38.1000000000004 216
38.150000000000404 216
38.2000000000004 216
38.2500000000004 216
38.3000000000004 216
38.350000000000406 216
38.400000000000404 216
38.4500000000004 216
38.500000000000405 216
38.55000000000041 216
38.600000000000406 216
38.650000000000404 216
38.70000000000041 216
38.75000000000041 216
38.80000000000041 216
38.850000000000406 216
38.90000000000041 216
38.950000000000415 216
39.00000000000041 216
39.05000000000041 216
39.10000000000041 216
39.15000000000042 216
39.200000000000415 216
39.25000000000041 216
39.300000000000416 216
39.35000000000042 216
39.40000000000042 216
39.450000000000415 216
39.50000000000042 216
39.55000000000042 216
39.60000000000042 216
39.65000000000042 216
39.70000000000042 216
39.750000000000426 216
39.80000000000042 216
39.85000000000042 216
39.900000000000425 216
39.95000000000043 216
40.000000000000426 216
40.05000000000042 217
40.10000000000043 218
40.15000000000043 214
40.20000000000043 214
40.250000000000426 214
40.30000000000043 214
40.350000000000435 214
40.40000000000043 214
40.45000000000043 213
40.50000000000043 209
40.55000000000044 206
40.600000000000435 205
40.65000000000043 205
40.700000000000436 205
40.75000000000044 205
40.80000000000044 202
40.850000000000435 199
40.90000000000044 198
40.95000000000044 198
41.00000000000044 198
41.05000000000044 196
41.10000000000044 194
41.150000000000446 194
41.20000000000044 193
41.25000000000044 193
41.300000000000445 193
41.35000000000045 193
41.400000000000446 191
41.45000000000044 189
41.50000000000045 189
41.55000000000045 186
41.60000000000045 183
41.650000000000446 180
41.70000000000045 178
41.750000000000455 178
41.80000000000045 178
41.85000000000045 176
41.90000000000045 174
41.95000000000046 171
42.000000000000455 168
42.05000000000045 166
42.100000000000456 152
42.15000000000046 151
42.20000000000046 151
42.250000000000455 147
42.30000000000046 145
42.35000000000046 141
42.40000000000046 136
42.45000000000046 136
42.50000000000046 132
42.550000000000466 132
42.60000000000046 130
42.65000000000046 130
42.700000000000465 130
42.75000000000047 130
42.800000000000466 130
42.85000000000046 128
42.90000000000047 127
42.95000000000047 124
43.00000000000047 124
43.050000000000466 124
43.10000000000047 124
43.150000000000475 120
43.20000000000047 119
43.25000000000047 118
43.30000000000047 113
43.35000000000048 110
43.400000000000475 110
43.45000000000047 110
43.500000000000476 106
43.55000000000048 105
43.60000000000048 102
43.650000000000475 102
43.70000000000048 97
43.75000000000048 96
43.80000000000048 92
43.85000000000048 90
43.90000000000048 90
43.950000000000486 90
44.00000000000048 90
44.05000000000048 90
44.100000000000485 90
44.15000000000049 90
44.200000000000486 88
44.25000000000048 87
44.30000000000049 84
44.35000000000049 83
44.40000000000049 83
44.450000000000486 83
44.50000000000049 83
44.550000000000495 83
44.60000000000049 83
44.65000000000049 83
44.70000000000049 83
44.7500000000005 83
44.800000000000495 83
44.85000000000049 83
44.900000000000496 83
44.9500000000005 83
45.0000000000005 83
45.050000000000495 83
45.1000000000005 83
45.1500000000005 83
45.2000000000005 83
45.2500000000005 83
45.3000000000005 83
45.350000000000506 83
45.4000000000005 83
45.4500000000005 83
45.500000000000504 83
45.55000000000051 83
45.600000000000506 83
45.6500000000005 83
45.70000000000051 83
45.75000000000051 83
45.80000000000051 83
45.850000000000506 83
45.90000000000051 83
45.950000000000514 83
46.00000000000051 83
46.05000000000051 83
46.10000000000051 83
46.15000000000052 83
46.200000000000514 83
46.25000000000051 83
46.300000000000516 83
46.35000000000052 83
46.40000000000052 83
46.450000000000514 83
46.50000000000052 83
46.55000000000052 83
46.60000000000052 83
46.65000000000052 83
46.70000000000052 83
46.750000000000526 83
46.80000000000052 83
46.85000000000052 83
46.900000000000524 83
46.95000000000053 83
47.000000000000526 83
47.05000000000052 83
47.10000000000053 83
47.15000000000053 83
47.20000000000053 83
47.250000000000526 83
47.30000000000053 83
47.350000000000534 83
47.40000000000053 83
47.45000000000053 83
47.50000000000053 83
47.55000000000054 83
47.600000000000534 83
47.65000000000053 83
47.700000000000536 83
47.75000000000054 83
47.80000000000054 83
47.850000000000534 83
47.90000000000054 83
47.95000000000054 83
48.00000000000054 83
48.05000000000054 83
48.10000000000054 83
48.150000000000546 83
48.20000000000054 83
48.25000000000054 83
48.300000000000544 83
48.35000000000055 83
48.400000000000546 83
48.45000000000054 83
48.50000000000055 83
48.55000000000055 83
48.60000000000055 83
48.650000000000546 83
48.70000000000055 83
48.750000000000554 83
48.80000000000055 83
48.85000000000055 83
48.90000000000055 83
48.95000000000056 83
49.000000000000554 83
49.05000000000055 83
49.100000000000556 81
49.15000000000056 77
49.20000000000056 151
49.250000000000554 151
49.30000000000056 151
49.35000000000056 151
49.40000000000056 151
49.45000000000056 151
49.50000000000056 151
49.550000000000566 152
49.60000000000056 152
49.65000000000056 152
49.700000000000564 152
49.75000000000057 152
49.800000000000566 152
49.85000000000056 152
49.90000000000057 152
49.95000000000057 152
50.00000000000057 152
50.050000000000566 152
50.10000000000057 152
50.150000000000574 152
50.20000000000057 152
50.25000000000057 151
50.30000000000057 151
50.35000000000058 151
50.400000000000574 151
50.45000000000057 151
50.500000000000576 151
50.55000000000058 151
50.60000000000058 151
50.650000000000574 152
50.70000000000058 152
50.75000000000058 152
50.80000000000058 152
50.85000000000058 152
50.90000000000058 152
50.950000000000585 152
51.00000000000058 152
51.05000000000058 152
51.100000000000584 152
51.15000000000059 152
51.200000000000585 152
51.25000000000058 152
51.30000000000059 152
51.35000000000059 152
51.40000000000059 152
51.450000000000585 152
51.50000000000059 152
51.550000000000594 152
51.60000000000059 152
51.65000000000059 152
51.70000000000059 152
51.7500000000006 152
51.800000000000594 152
51.85000000000059 152
51.900000000000595 152
51.9500000000006 153
52.0000000000006 153
52.050000000000594 153
52.1000000000006 153
52.1500000000006 153
52.2000000000006 153
52.2500000000006 153
52.3000000000006 153
52.350000000000605 153
52.4000000000006 153
52.4500000000006 153
52.500000000000604 153
52.55000000000061 153
52.600000000000605 153
52.6500000000006 153
52.70000000000061 153
52.75000000000061 153
52.80000000000061 153
52.850000000000605 153
52.90000000000061 153
52.950000000000614 153
53.00000000000061 153
53.05000000000061 153
53.10000000000061 153
53.15000000000062 153
53.200000000000614 153
53.25000000000061 153
53.300000000000615 153
53.35000000000062 153
53.40000000000062 153
53.450000000000614 153
53.50000000000062 153
53.55000000000062 153
53.60000000000062 153
53.65000000000062 153
53.70000000000062 153
53.750000000000625 153
53.80000000000062 153
53.85000000000062 153
53.900000000000624 153
53.95000000000063 153
54.000000000000625 153
54.05000000000062 153
54.10000000000063 153
54.15000000000063 153
54.20000000000063 153
54.250000000000625 153
54.30000000000063 153
54.350000000000634 153
54.40000000000063 153
54.45000000000063 153
54.50000000000063 153
54.55000000000064 153
54.600000000000634 153
54.65000000000063 153
54.700000000000635 153
54.75000000000064 153
54.80000000000064 153
54.850000000000634 153
54.90000000000064 153
54.95000000000064 153
55.00000000000064 153
55.05000000000064 153
55.10000000000064 153
55.150000000000645 153
55.20000000000064 153
55.25000000000064 153
55.300000000000644 153
55.35000000000065 153
55.400000000000645 153
55.45000000000064 153
55.50000000000065 153
55.55000000000065 153
55.60000000000065 153
55.650000000000645 153
55.70000000000065 153
55.750000000000654 153
55.80000000000065 153
55.85000000000065 153
55.90000000000065 153
55.95000000000066 153
56.000000000000654 153
56.05000000000065 153
56.100000000000655 153
56.15000000000066 153
56.20000000000066 153
56.250000000000654 153
56.30000000000066 153
56.35000000000066 153
56.40000000000066 153
56.45000000000066 156
56.50000000000066 158
56.550000000000665 160
56.60000000000066 162
56.65000000000066 164
56.700000000000664 165
56.75000000000067 167
56.800000000000665 168
56.85000000000066 170
56.90000000000067 171
56.95000000000067 172
57.00000000000067 174
57.050000000000665 175
57.10000000000067 176
57.150000000000674 177
57.20000000000067 178
57.25000000000067 179
57.30000000000067 180
57.350000000000676 181
57.400000000000674 182
57.45000000000067 183
57.500000000000675 183
57.55000000000068 184
57.600000000000676 184
57.650000000000674 184
57.70000000000068 184
57.75000000000068 184
57.80000000000068 184
57.850000000000676 184
57.90000000000068 184
57.950000000000685 184
58.00000000000068 184
58.05000000000068 184
58.10000000000068 184
58.15000000000069 184
58.200000000000685 184
58.25000000000068 184
58.300000000000686 184
58.35000000000069 185
58.40000000000069 185
58.450000000000685 185
58.50000000000069 185
58.55000000000069 185
58.60000000000069 185
58.65000000000069 185
58.70000000000069 185
58.750000000000696 185
58.80000000000069 186
58.85000000000069 186
58.900000000000695 186
58.9500000000007 186
59.000000000000696 187
59.05000000000069 187
59.1000000000007 189
59.1500000000007 189
59.2000000000007 190
59.250000000000696 190
59.3000000000007 190
59.350000000000705 190
59.4000000000007 191
59.4500000000007 191
59.5000000000007 191
59.55000000000071 191
59.600000000000705 191
59.6500000000007 191
59.700000000000706 191
59.75000000000071 191
59.80000000000071 191
59.850000000000705 191
59.90000000000071 191
59.95000000000071 191
60.00000000000071 191
60.05000000000071 191
60.10000000000071 192
60.150000000000716 193
60.20000000000071 193
60.25000000000071 193
60.300000000000715 194
60.35000000000072 194
60.400000000000716 195
60.45000000000071 195
60.50000000000072 195
60.55000000000072 195
60.60000000000072 195
60.650000000000716 195
60.70000000000072 195
60.750000000000725 195
60.80000000000072 195
60.85000000000072 195
60.90000000000072 195
60.95000000000073 195
61.000000000000725 196
61.05000000000072 196
61.100000000000726 196
61.15000000000073 196
61.20000000000073 196
61.250000000000725 196
61.30000000000073 196
61.35000000000073 196
61.40000000000073 196
61.45000000000073 196
61.50000000000073 196
61.550000000000736 196
61.60000000000073 196
61.65000000000073 196
61.700000000000735 196
61.75000000000074 196
61.800000000000736 196
61.85000000000073 196
61.90000000000074 196
61.95000000000074 196
62.00000000000074 196
62.050000000000736 196
62.10000000000074 196
62.150000000000745 196
62.20000000000074 196
62.25000000000074 196
62.30000000000074 196
62.35000000000075 196
62.400000000000745 196
62.45000000000074 196
62.500000000000746 196
62.55000000000075 196
62.60000000000075 196
62.650000000000745 196
62.70000000000075 196
62.75000000000075 196
62.80000000000075 196
62.85000000000075 196
62.90000000000075 196
62.950000000000756 196
63.00000000000075 196
63.05000000000075 196
63.100000000000755 196
63.15000000000076 196
63.200000000000756 196
63.25000000000075 196
63.30000000000076 196
63.35000000000076 196
63.40000000000076 196
63.450000000000756 196
63.50000000000076 196
63.550000000000765 196
63.60000000000076 196
63.65000000000076 196
63.70000000000076 196
63.75000000000077 196
63.800000000000765 196
63.85000000000076 196
63.900000000000766 196
63.95000000000077 196
64.00000000000077 196
64.05000000000076 196
64.10000000000076 196
64.15000000000077 196
64.20000000000077 196
64.25000000000077 196
64.30000000000078 196
64.35000000000078 196
64.40000000000077 196
64.45000000000077 196
64.50000000000077 196
64.55000000000078 196
64.60000000000078 196
64.65000000000077 196
64.70000000000078 196
64.75000000000078 196
64.80000000000078 196
64.85000000000078 196
64.90000000000077 196
64.95000000000078 196
65.00000000000078 196
65.05000000000078 196
65.10000000000079 196
65.15000000000079 196
65.20000000000078 196
65.25000000000078 196
65.30000000000078 196
65.35000000000079 196
65.40000000000079 196
65.45000000000078 196
65.5000000000008 196
65.5500000000008 196
65.60000000000079 196
65.65000000000079 196
65.70000000000078 196
65.7500000000008 195
65.8000000000008 190
65.85000000000079 186
65.9000000000008 183
65.9500000000008 180
66.0000000000008 177
66.0500000000008 175
66.10000000000079 172
66.1500000000008 169
66.2000000000008 167
66.2500000000008 164
66.30000000000081 161
66.3500000000008 159
66.4000000000008 157
66.4500000000008 153
66.5000000000008 151
66.55000000000081 149
66.6000000000008 147
66.6500000000008 146
66.70000000000081 143
66.75000000000081 141
66.80000000000081 139
66.8500000000008 139
66.9000000000008 139
66.95000000000081 139
67.00000000000081 139
67.05000000000081 139
67.10000000000082 139
67.15000000000082 139
67.20000000000081 139
67.25000000000081 139
67.30000000000081 139
67.35000000000082 139
67.40000000000082 139
67.45000000000081 137
67.50000000000082 137
67.55000000000082 137
67.60000000000082 137
67.65000000000082 137
67.70000000000081 136
67.75000000000082 136
67.80000000000082 134
67.85000000000082 134
67.90000000000083 134
67.95000000000083 134
68.00000000000082 134
68.05000000000082 134
68.10000000000082 132
68.15000000000083 132
68.20000000000083 130
68.25000000000082 130
68.30000000000084 129
68.35000000000083 128
68.40000000000083 127
68.45000000000083 126
68.50000000000082 126
68.55000000000084 125
68.60000000000083 125
68.65000000000083 125
68.70000000000084 125
68.75000000000084 125
68.80000000000084 125
68.85000000000083 125
68.90000000000083 125
68.95000000000084 125
69.00000000000084 125
69.05000000000084 125
69.10000000000085 125
69.15000000000084 125
69.20000000000084 125
69.25000000000084 125
69.30000000000084 125
69.35000000000085 124
69.40000000000084 124
69.45000000000084 123
69.50000000000085 122
69.55000000000085 122
69.60000000000085 122
69.65000000000084 122
69.70000000000084 122
69.75000000000085 121
69.80000000000085 121
69.85000000000085 121
69.90000000000086 121
69.95000000000086 121
70.00000000000085 121
70.05000000000085 121
70.10000000000085 121
70.15000000000086 121
70.20000000000086 121
70.25000000000085 121
70.30000000000086 121
70.35000000000086 121
70.40000000000086 121
70.45000000000086 121
70.50000000000085 121
70.55000000000086 121
70.60000000000086 121
70.65000000000086 121
70.70000000000087 119
70.75000000000087 119
70.80000000000086 119
70.85000000000086 119
70.90000000000086 119
70.95000000000087 119
71.00000000000087 119
71.05000000000086 119
71.10000000000088 119
71.15000000000087 119
71.20000000000087 119
71.25000000000087 119
71.30000000000086 119
71.35000000000088 119
71.40000000000087 119
71.45000000000087 119
71.50000000000088 119
71.55000000000088 119
71.60000000000088 119
71.65000000000087 119
71.70000000000087 119
71.75000000000088 119
71.80000000000088 119
71.85000000000088 119
71.90000000000089 119
71.95000000000088 119
72.00000000000088 119
72.05000000000088 119
72.10000000000088 119
72.15000000000089 119
72.20000000000088 119
72.25000000000088 119
72.30000000000089 119
72.35000000000089 119
72.40000000000089 119
72.45000000000088 119
72.50000000000088 119
72.55000000000089 119
72.60000000000089 119
72.65000000000089 119
72.7000000000009 119
72.7500000000009 119
72.80000000000089 119
72.85000000000089 119
72.90000000000089 119
72.9500000000009 119
73.0000000000009 119
73.05000000000089 119
73.1000000000009 119
73.1500000000009 119
73.2000000000009 119
73.2500000000009 119
73.30000000000089 119
73.3500000000009 119
73.4000000000009 119
73.4500000000009 119
73.50000000000091 119
73.5500000000009 119
73.6000000000009 119
73.6500000000009 119
73.7000000000009 119
73.75000000000091 119
73.8000000000009 119
73.8500000000009 119
73.90000000000092 119
73.95000000000091 119
74.00000000000091 119
74.0500000000009 119
74.1000000000009 119
74.15000000000092 119
74.20000000000091 119
74.25000000000091 119
74.30000000000092 119
74.35000000000092 119
74.40000000000092 119
74.45000000000091 119
74.50000000000091 119
74.55000000000092 119
74.60000000000092 119
74.65000000000092 137
74.70000000000093 137
74.75000000000092 137
74.80000000000092 106
74.85000000000092 137
74.90000000000092 97
74.95000000000093 137
75.00000000000092 137
75.05000000000092 137
75.10000000000093 137
75.15000000000093 137
75.20000000000093 137
75.25000000000092 137
75.30000000000092 137
75.35000000000093 137
75.40000000000093 137
75.45000000000093 137
75.50000000000094 137
75.55000000000094 137
75.60000000000093 137
75.65000000000093 137
75.70000000000093 137
75.75000000000094 137
75.80000000000094 137
75.85000000000093 137
75.90000000000094 137
75.95000000000094 137
76.00000000000094 137
76.05000000000094 137
76.10000000000093 137
76.15000000000094 137
76.20000000000094 137
76.25000000000094 137
76.30000000000095 137
76.35000000000095 137
76.40000000000094 137
76.45000000000094 137
76.50000000000094 137
76.55000000000095 137
76.60000000000095 137
76.65000000000094 137
76.70000000000095 137
76.75000000000095 137
76.80000000000095 137
76.85000000000095 137
76.90000000000094 137
76.95000000000095 137
77.00000000000095 137
77.05000000000095 137
77.10000000000096 137
77.15000000000096 137
77.20000000000095 137
77.25000000000095 137
77.30000000000095 137
77.35000000000096 137
77.40000000000096 137
77.45000000000095 137
77.50000000000097 137
77.55000000000096 137
77.60000000000096 137
77.65000000000096 137
77.70000000000095 137
77.75000000000097 137
77.80000000000096 137
77.85000000000096 137
77.90000000000097 137
77.95000000000097 137
78.00000000000097 137
78.05000000000096 137
78.10000000000096 137
78.15000000000097 137
78.20000000000097 137
78.25000000000097 137
78.30000000000098 137
78.35000000000097 137
78.40000000000097 137
78.45000000000097 137
78.50000000000097 137
78.55000000000098 137
78.60000000000097 137
78.65000000000097 137
78.70000000000098 137
78.75000000000098 137
78.80000000000098 137
78.85000000000097 137
78.90000000000097 137
78.95000000000098 137
79.00000000000098 137
79.05000000000098 137
79.10000000000099 137
79.15000000000099 137
79.20000000000098 137
79.25000000000098 137
79.30000000000098 137
79.35000000000099 137
79.40000000000099 137
79.45000000000098 137
79.500000000001 137
79.55000000000099 137
79.60000000000099 137
79.65000000000099 137
79.70000000000098 137
79.750000000001 137
79.80000000000099 137
79.85000000000099 137
79.900000000001 137
79.950000000001 137
80.000000000001 137
80.05000000000099 137
80.10000000000099 137
80.150000000001 137
80.200000000001 137
80.250000000001 137
80.300000000001 137
80.350000000001 137
80.400000000001 137
80.450000000001 137
80.500000000001 137
80.550000000001 137
80.600000000001 137
80.650000000001 137
80.70000000000101 137
80.75000000000101 137
80.800000000001 137
80.850000000001 137
80.900000000001 137
80.95000000000101 137
81.00000000000101 137
81.050000000001 137
81.10000000000102 137
81.15000000000101 137
81.20000000000101 137
81.25000000000101 137
81.300000000001 137
81.35000000000102 137
81.40000000000101 137
81.45000000000101 137
81.50000000000102 137
81.55000000000102 137
81.60000000000102 137
81.65000000000101 137
81.70000000000101 137
81.75000000000102 137
81.80000000000102 137
81.85000000000102 137
81.90000000000103 137
81.95000000000103 137
82.00000000000102 137
82.05000000000102 137
82.10000000000102 137
82.15000000000103 137
82.20000000000103 140
82.25000000000102 140
82.30000000000103 140
82.35000000000103 141
82.40000000000103 141
82.45000000000103 141
82.50000000000102 141
82.55000000000103 142
82.60000000000103 142
82.65000000000103 142
82.70000000000104 142
82.75000000000104 143
82.80000000000103 143
82.85000000000103 143
82.90000000000103 144
82.95000000000104 144
83.00000000000104 144
83.05000000000103 145
83.10000000000105 145
83.15000000000104 145
83.20000000000104 146
83.25000000000104 146
83.30000000000103 146
83.35000000000105 146
83.40000000000104 146
83.45000000000104 146
83.50000000000105 146
83.55000000000105 146
83.60000000000105 146
83.65000000000104 146
83.70000000000104 146
83.75000000000105 146
83.80000000000105 146
83.85000000000105 146
83.90000000000106 146
83.95000000000105 146
84.00000000000105 146
84.05000000000105 146
84.10000000000105 146
84.15000000000106 146
84.20000000000105 146
84.25000000000105 146
84.30000000000106 146
84.35000000000106 146
84.40000000000106 146
84.45000000000105 146
84.50000000000105 147
84.55000000000106 147
84.60000000000106 147
84.65000000000106 148
84.70000000000107 148
84.75000000000107 149
84.80000000000106 149
84.85000000000106 149
84.90000000000106 149
84.95000000000107 149
85.00000000000107 150
85.05000000000106 150
85.10000000000107 150
85.15000000000107 150
85.20000000000107 150
85.25000000000107 150
85.30000000000106 150
85.35000000000107 150
85.40000000000107 150
85.45000000000107 150
85.50000000000108 150
85.55000000000108 150
85.60000000000107 150
85.65000000000107 150
85.70000000000107 150
85.75000000000108 151
85.80000000000108 151
85.85000000000107 151
85.90000000000109 152
85.95000000000108 152
86.00000000000108 152
86.05000000000108 152
86.10000000000107 152
86.15000000000109 152
86.20000000000108 152
86.25000000000108 152
86.30000000000109 152
86.35000000000109 152
86.40000000000109 152
86.45000000000108 152
86.50000000000108 152
86.55000000000109 152
86.60000000000109 152
86.65000000000109 152
86.7000000000011 152
86.7500000000011 152
86.80000000000109 152
86.85000000000109 152
86.90000000000109 152
86.9500000000011 152
87.0000000000011 152
87.05000000000109 152
87.1000000000011 152
87.1500000000011 152
87.2000000000011 152
87.2500000000011 152
87.30000000000109 152
87.3500000000011 152
87.4000000000011 152
87.4500000000011 152
87.50000000000111 152
87.5500000000011 152
87.6000000000011 152
87.6500000000011 152
87.7000000000011 152
87.75000000000111 152
87.8000000000011 152
87.8500000000011 152
87.90000000000111 152
87.95000000000111 152
88.00000000000111 152
88.0500000000011 152
88.1000000000011 152
88.15000000000111 152
88.20000000000111 152
88.25000000000111 152
88.30000000000112 152
88.35000000000112 152
88.40000000000111 152
88.45000000000111 152
88.50000000000111 152
88.55000000000112 152
88.60000000000112 152
88.65000000000111 152
88.70000000000113 152
88.75000000000112 152
88.80000000000112 152
88.85000000000112 152
88.90000000000111 152
88.95000000000113 152
89.00000000000112 152
89.05000000000112 152
89.10000000000113 152
89.15000000000113 152
89.20000000000113 152
89.25000000000112 152
89.30000000000112 152
89.35000000000113 152
89.40000000000113 152
89.45000000000113 152
89.50000000000114 152
89.55000000000113 152
89.60000000000113 152
89.65000000000113 152
89.70000000000113 152
89.75000000000114 152
89.80000000000113 152
89.85000000000113 152
89.90000000000114 152
89.95000000000114 152
90.00000000000114 152
90.05000000000113 152
90.10000000000113 152
90.15000000000114 152
90.20000000000114 152
90.25000000000114 152
90.30000000000115 152
90.35000000000115 152
90.40000000000114 152
90.45000000000114 152
90.50000000000114 152
90.55000000000115 152
90.60000000000115 152
90.65000000000114 152
90.70000000000115 152
90.75000000000115 152
90.80000000000115 152
90.85000000000115 152
90.90000000000114 152
90.95000000000115 152
91.00000000000115 152
91.05000000000115 152
91.10000000000116 154
91.15000000000116 156
91.20000000000115 158
91.25000000000115 160
91.30000000000115 162
91.35000000000116 164
91.40000000000116 166
91.45000000000115 168
91.50000000000117 170
91.55000000000116 172
91.60000000000116 175
91.65000000000116 177
91.70000000000115 179
91.75000000000117 180
91.80000000000116 182
91.85000000000116 184
91.90000000000117 185
91.95000000000117 187
92.00000000000117 188
92.05000000000116 190
92.10000000000116 191
92.15000000000117 193
92.20000000000117 193
92.25000000000117 194
92.30000000000118 194
92.35000000000117 195
92.40000000000117 195
92.45000000000117 195
92.50000000000117 195
92.55000000000118 195
92.60000000000117 195
92.65000000000117 195
92.70000000000118 195
92.75000000000118 195
92.80000000000118 195
92.85000000000117 195
92.90000000000117 195
92.95000000000118 195
93.00000000000118 195
93.05000000000118 195
93.10000000000119 195
93.15000000000119 195
93.20000000000118 195
93.25000000000118 195
93.30000000000118 195
93.35000000000119 196
93.40000000000119 196
93.45000000000118 196
93.5000000000012 196
93.55000000000119 196
93.60000000000119 196
93.65000000000119 196
93.70000000000118 197
93.7500000000012 197
93.80000000000119 198
93.85000000000119 200
93.9000000000012 202
93.9500000000012 204
94.0000000000012 206
94.05000000000119 208
94.10000000000119 210
94.1500000000012 210
94.2000000000012 210
94.2500000000012 210
94.3000000000012 210
94.3500000000012 211
94.4000000000012 211
94.4500000000012 211
94.5000000000012 211
94.5500000000012 211
94.6000000000012 211
94.6500000000012 211
94.70000000000121 211
94.75000000000121 211
94.8000000000012 211
94.8500000000012 212
94.9000000000012 212
94.95000000000121 213
95.00000000000121 213
95.0500000000012 213
95.10000000000122 210
95.15000000000121 210
95.20000000000121 209
95.25000000000121 207
95.3000000000012 206
95.35000000000122 205
95.40000000000121 205
95.45000000000121 205
95.50000000000122 205
95.55000000000122 205
95.60000000000122 205
95.65000000000121 205
95.70000000000121 205
95.75000000000122 205
95.80000000000122 205
95.85000000000122 205
95.90000000000123 205
95.95000000000122 205
96.00000000000122 205
96.05000000000122 205
96.10000000000122 205
96.15000000000123 205
96.20000000000122 205
96.25000000000122 205
96.30000000000123 205
96.35000000000123 205
96.40000000000123 205
96.45000000000122 205
96.50000000000122 205
96.55000000000123 205
96.60000000000123 205
96.65000000000123 205
96.70000000000124 205
96.75000000000124 205
96.80000000000123 205
96.85000000000123 205
96.90000000000123 205
96.95000000000124 205
97.00000000000124 205
97.05000000000123 205
97.10000000000124 205
97.15000000000124 205
97.20000000000124 205
97.25000000000124 205
97.30000000000123 205
97.35000000000124 205
97.40000000000124 205
97.45000000000124 205
97.50000000000125 205
97.55000000000125 205
97.60000000000124 205
97.65000000000124 205
97.70000000000124 205
97.75000000000125 205
97.80000000000125 205
97.85000000000124 205
97.90000000000126 205
97.95000000000125 205
98.00000000000125 205
98.05000000000125 205
98.10000000000124 205
98.15000000000126 205
98.20000000000125 205
98.25000000000125 205
98.30000000000126 205
98.35000000000126 205
98.40000000000126 205
98.45000000000125 205
98.50000000000125 205
98.55000000000126 205
98.60000000000126 205
98.65000000000126 205
98.70000000000127 205
98.75000000000126 205
98.80000000000126 205
98.85000000000126 205
98.90000000000126 205
98.95000000000127 205
99.00000000000126 205
99.05000000000126 205
99.10000000000127 205
99.15000000000127 205
99.20000000000127 205
99.25000000000126 205
99.30000000000126 205
99.35000000000127 205
99.40000000000127 205
99.45000000000127 205
99.50000000000128 205
99.55000000000128 205
99.60000000000127 205
99.65000000000127 205
99.70000000000127 205
99.75000000000128 205
99.80000000000128 205
99.85000000000127 205
99.90000000000128 205
99.95000000000128 205
