10.70000000000001 10
10.75000000000001 10
10.800000000000011 10
10.850000000000012 10
10.900000000000013 10
10.950000000000014 10
11.000000000000014 10
11.050000000000015 10
11.100000000000016 10
11.150000000000016 10
11.200000000000017 11
11.250000000000018 13
11.300000000000018 14
11.35000000000002 16
11.40000000000002 17
11.45000000000002 19
11.500000000000021 20
11.550000000000022 20
11.600000000000023 20
11.650000000000023 20
11.700000000000024 20
11.750000000000025 20
11.800000000000026 20
11.850000000000026 20
11.900000000000027 20
11.950000000000028 20
12.000000000000028 20
12.05000000000003 22
12.10000000000003 24
12.15000000000003 26
12.200000000000031 28
12.250000000000032 29
12.300000000000033 29
12.350000000000033 29
12.400000000000034 29
12.450000000000035 29
12.500000000000036 29
12.550000000000036 29
12.600000000000037 29
12.650000000000038 29
12.700000000000038 29
12.750000000000039 29
12.80000000000004 29
12.85000000000004 29
12.900000000000041 29
12.950000000000042 29
13.000000000000043 29
13.050000000000043 29
13.100000000000044 29
13.150000000000045 29
13.200000000000045 29
13.250000000000046 29
13.300000000000047 29
13.350000000000048 29
13.400000000000048 29
13.450000000000049 29
13.50000000000005 29
13.55000000000005 30
13.600000000000051 30
13.650000000000052 30
13.700000000000053 30
13.750000000000053 30
13.800000000000054 30
13.850000000000055 30
13.900000000000055 30
13.950000000000056 31
14.000000000000057 31
14.050000000000058 31
14.100000000000058 31
14.150000000000059 31
14.20000000000006 31
14.25000000000006 31
14.300000000000061 31
14.350000000000062 31
14.400000000000063 31
14.450000000000063 31
14.500000000000064 31
14.550000000000065 31
14.600000000000065 31
14.650000000000066 31
14.700000000000067 31
14.750000000000068 31
14.800000000000068 31
14.850000000000069 31
14.90000000000007 31
14.95000000000007 31
15.000000000000071 31
15.050000000000072 33
15.100000000000072 33
15.150000000000073 34
15.200000000000074 34
15.250000000000075 35
15.300000000000075 35
15.350000000000076 35
15.400000000000077 36
15.450000000000077 37
15.500000000000078 37
15.550000000000079 39
15.60000000000008 39
15.65000000000008 39
15.700000000000081 40
15.750000000000082 40
15.800000000000082 41
15.850000000000083 41
15.900000000000084 42
15.950000000000085 42
16.000000000000085 42
16.050000000000086 42
16.100000000000087 42
16.150000000000087 42
16.200000000000088 42
16.25000000000009 42
16.30000000000009 42
16.35000000000009 42
16.40000000000009 42
16.45000000000009 42
16.500000000000092 42
16.550000000000093 42
16.600000000000094 42
16.650000000000095 42
16.700000000000095 42
16.750000000000096 42
16.800000000000097 42
16.850000000000097 42
16.900000000000098 42
16.9500000000001 42
17.0000000000001 42
17.0500000000001 42
17.1000000000001 42
17.1500000000001 44
17.200000000000102 45
17.250000000000103 47
17.300000000000104 47
17.350000000000104 47
17.400000000000105 49
17.450000000000106 50
17.500000000000107 50
17.550000000000107 51
17.600000000000108 52
17.65000000000011 53
17.70000000000011 54
17.75000000000011 54
17.80000000000011 56
17.85000000000011 57
17.900000000000112 58
17.950000000000113 58
18.000000000000114 59
18.050000000000114 59
18.100000000000115 60
18.150000000000116 61
18.200000000000117 62
18.250000000000117 63
18.300000000000118 63
18.35000000000012 63
18.40000000000012 63
18.45000000000012 63
18.50000000000012 63
18.55000000000012 63
18.600000000000122 63
18.650000000000123 63
18.700000000000124 63
18.750000000000124 63
18.800000000000125 63
18.850000000000126 63
18.900000000000126 63
18.950000000000127 63
19.000000000000128 63
19.05000000000013 63
19.10000000000013 63
19.15000000000013 63
19.20000000000013 63
19.25000000000013 63
19.300000000000132 63
19.350000000000133 63
19.400000000000134 63
19.450000000000134 63
19.500000000000135 63
19.550000000000136 63
19.600000000000136 63
19.650000000000137 63
19.700000000000138 63
19.75000000000014 63
19.80000000000014 63
19.85000000000014 63
19.90000000000014 63
19.95000000000014 63
20.000000000000142 64
20.050000000000143 66
20.100000000000144 67
20.150000000000144 67
20.200000000000145 69
20.250000000000146 71
20.300000000000146 71
20.350000000000147 71
20.400000000000148 71
20.45000000000015 73
20.50000000000015 75
20.55000000000015 75
20.60000000000015 75
20.65000000000015 76
20.700000000000152 77
20.750000000000153 78
20.800000000000153 78
20.850000000000154 79
20.900000000000155 81
20.950000000000156 81
21.000000000000156 82
21.050000000000157 84
21.100000000000158 84
21.15000000000016 85
21.20000000000016 86
21.25000000000016 87
21.30000000000016 87
21.35000000000016 88
21.400000000000162 89
21.450000000000163 90
21.500000000000163 91
21.550000000000164 92
21.600000000000165 93
21.650000000000166 93
21.700000000000166 94
21.750000000000167 94
21.800000000000168 94
21.85000000000017 94
21.90000000000017 94
21.95000000000017 94
22.00000000000017 94
22.05000000000017 94
22.100000000000172 94
22.150000000000173 94
22.200000000000173 94
22.250000000000174 94
22.300000000000175 94
22.350000000000176 94
22.400000000000176 94
22.450000000000177 94
22.500000000000178 94
22.55000000000018 94
22.60000000000018 94
22.65000000000018 94
22.70000000000018 94
22.75000000000018 94
22.800000000000182 94
22.850000000000183 94
22.900000000000183 94
22.950000000000184 94
23.000000000000185 94
23.050000000000185 94
23.100000000000186 94
23.150000000000187 94
23.200000000000188 94
23.25000000000019 94
23.30000000000019 94
23.35000000000019 94
23.40000000000019 94
23.45000000000019 94
23.500000000000192 94
23.550000000000193 94
23.600000000000193 94
23.650000000000194 94
23.700000000000195 94
23.750000000000195 94
23.800000000000196 94
23.850000000000197 94
23.900000000000198 94
23.9500000000002 94
24.0000000000002 94
24.0500000000002 94
24.1000000000002 94
24.1500000000002 94
24.200000000000202 94
24.250000000000203 94
24.300000000000203 94
24.350000000000204 96
24.400000000000205 98
24.450000000000205 99
24.500000000000206 101
24.550000000000207 101
24.600000000000207 101
24.650000000000208 103
24.70000000000021 105
24.75000000000021 106
24.80000000000021 106
24.85000000000021 106
24.90000000000021 106
24.950000000000212 107
25.000000000000213 108
25.050000000000214 110
25.100000000000215 112
25.150000000000215 112
25.200000000000216 113
25.250000000000217 113
25.300000000000217 113
25.350000000000218 114
25.40000000000022 117
25.45000000000022 117
25.50000000000022 117
25.55000000000022 117
25.60000000000022 119
25.650000000000222 120
25.700000000000223 121
25.750000000000224 122
25.800000000000225 122
25.850000000000225 123
25.900000000000226 124
25.950000000000227 126
26.000000000000227 126
26.050000000000228 127
26.10000000000023 128
26.15000000000023 129
26.20000000000023 129
26.25000000000023 130
26.30000000000023 131
26.350000000000232 132
26.400000000000233 132
26.450000000000234 133
26.500000000000234 135
26.550000000000235 136
26.600000000000236 136
26.650000000000237 138
26.700000000000237 138
26.750000000000238 139
26.80000000000024 139
26.85000000000024 139
26.90000000000024 140
26.95000000000024 141
27.00000000000024 141
27.050000000000242 141
27.100000000000243 141
27.150000000000244 141
27.200000000000244 141
27.250000000000245 141
27.300000000000246 141
27.350000000000247 141
27.400000000000247 141
27.450000000000248 141
27.50000000000025 141
27.55000000000025 141
27.60000000000025 141
27.65000000000025 141
27.70000000000025 141
27.750000000000252 141
27.800000000000253 141
27.850000000000254 141
27.900000000000254 141
27.950000000000255 141
28.000000000000256 141
28.050000000000257 141
28.100000000000257 141
28.150000000000258 141
28.20000000000026 141
28.25000000000026 141
28.30000000000026 141
28.35000000000026 141
28.40000000000026 141
28.450000000000262 141
28.500000000000263 141
28.550000000000264 141
28.600000000000264 141
28.650000000000265 141
28.700000000000266 141
28.750000000000266 141
28.800000000000267 141
28.850000000000268 141
28.90000000000027 141
28.95000000000027 141
29.00000000000027 141
29.05000000000027 141
29.10000000000027 141
29.150000000000272 141
29.200000000000273 141
29.250000000000274 141
29.300000000000274 141
29.350000000000275 141
29.400000000000276 141
29.450000000000276 141
29.500000000000277 141
29.550000000000278 141
29.60000000000028 141
29.65000000000028 141
29.70000000000028 141
29.75000000000028 141
29.80000000000028 141
29.850000000000282 141
29.900000000000283 141
29.950000000000284 141
30.000000000000284 141
30.050000000000285 141
30.100000000000286 141
30.150000000000286 141
30.200000000000287 141
30.250000000000288 141
30.30000000000029 141
30.35000000000029 141
30.40000000000029 141
30.45000000000029 141
30.50000000000029 141
30.550000000000292 141
30.600000000000293 141
30.650000000000293 141
30.700000000000294 141
30.750000000000295 141
30.800000000000296 141
30.850000000000296 142
30.900000000000297 144
30.950000000000298 146
31.0000000000003 148
31.0500000000003 149
31.1000000000003 150
31.1500000000003 151
31.2000000000003 151
31.250000000000302 151
31.300000000000303 152
31.350000000000303 155
31.400000000000304 157
31.450000000000305 159
31.500000000000306 159
31.550000000000306 159
31.600000000000307 159
31.650000000000308 159
31.70000000000031 159
31.75000000000031 159
31.80000000000031 159
31.85000000000031 161
31.90000000000031 162
31.950000000000312 165
32.00000000000031 167
32.05000000000031 168
32.100000000000314 168
32.15000000000032 169
32.200000000000315 169
32.25000000000031 169
32.30000000000032 169
32.35000000000032 169
32.40000000000032 171
32.450000000000315 173
32.50000000000032 175
32.550000000000324 175
32.60000000000032 176
32.65000000000032 176
32.70000000000032 176
32.75000000000033 178
32.800000000000324 178
32.85000000000032 179
32.900000000000325 181
32.95000000000033 182
33.00000000000033 183
33.050000000000324 183
33.10000000000033 183
33.15000000000033 185
33.20000000000033 185
33.25000000000033 186
33.30000000000033 188
33.350000000000335 189
33.40000000000033 189
33.45000000000033 189
33.500000000000334 191
33.55000000000034 192
33.600000000000335 193
33.65000000000033 194
33.70000000000034 194
33.75000000000034 195
33.80000000000034 195
33.850000000000335 195
33.90000000000034 197
33.950000000000344 198
34.00000000000034 198
34.05000000000034 199
34.10000000000034 201
34.15000000000035 203
34.200000000000344 203
34.25000000000034 204
34.300000000000345 205
34.35000000000035 206
34.40000000000035 206
34.450000000000344 207
34.50000000000035 208
34.55000000000035 208
34.60000000000035 208
34.65000000000035 208
34.70000000000035 209
34.750000000000355 210
34.80000000000035 211
34.85000000000035 211
34.900000000000354 211
34.95000000000036 211
35.000000000000355 212
35.05000000000035 212
35.10000000000036 212
35.15000000000036 212
35.20000000000036 212
35.250000000000355 212
35.30000000000036 212
35.350000000000364 212
35.40000000000036 212
35.45000000000036 212
35.50000000000036 212
35.55000000000037 212
35.600000000000364 212
35.65000000000036 212
35.700000000000365 212
35.75000000000037 212
35.80000000000037 212
35.850000000000364 212
35.90000000000037 212
35.95000000000037 212
36.00000000000037 212
36.05000000000037 212
36.10000000000037 212
36.150000000000375 212
36.20000000000037 212
36.25000000000037 212
36.300000000000374 212
36.35000000000038 212
36.400000000000375 212
36.45000000000037 212
36.50000000000038 212
36.55000000000038 212
36.60000000000038 212
36.650000000000375 212
36.70000000000038 212
36.750000000000384 212
36.80000000000038 212
36.85000000000038 212
36.90000000000038 212
36.95000000000039 212
37.000000000000384 212
37.05000000000038 212
37.100000000000385 212
37.15000000000039 212
37.20000000000039 212
37.250000000000384 212
37.30000000000039 212
37.35000000000039 212
37.40000000000039 212
37.45000000000039 212
37.50000000000039 212
37.550000000000395 212
37.60000000000039 212
37.65000000000039 212
37.700000000000394 212
37.7500000000004 212
37.800000000000395 212
37.85000000000039 212
37.9000000000004 212
37.9500000000004 212
38.0000000000004 212
38.050000000000395 212
38.1000000000004 212
38.150000000000404 212
38.2000000000004 212
38.2500000000004 212
38.3000000000004 212
38.350000000000406 212
38.400000000000404 212
38.4500000000004 212
38.500000000000405 212
38.55000000000041 212
38.600000000000406 212
38.650000000000404 212
38.70000000000041 212
38.75000000000041 212
38.80000000000041 212
38.850000000000406 212
38.90000000000041 212
38.950000000000415 212
39.00000000000041 212
39.05000000000041 212
39.10000000000041 212
39.15000000000042 212
39.200000000000415 212
39.25000000000041 212
39.300000000000416 212
39.35000000000042 212
39.40000000000042 212
39.450000000000415 212
39.50000000000042 212
39.55000000000042 212
39.60000000000042 212
39.65000000000042 212
39.70000000000042 212
39.750000000000426 212
39.80000000000042 212
39.85000000000042 212
39.900000000000425 212
39.95000000000043 212
40.000000000000426 212
40.05000000000042 212
40.10000000000043 212
40.15000000000043 212
40.20000000000043 210
40.250000000000426 207
40.30000000000043 203
40.350000000000435 202
40.40000000000043 201
40.45000000000043 198
40.50000000000043 198
40.55000000000044 198
40.600000000000435 196
40.65000000000043 193
40.700000000000436 190
40.75000000000044 187
40.80000000000044 187
40.850000000000435 187
40.90000000000044 187
40.95000000000044 187
41.00000000000044 187
41.05000000000044 187
41.10000000000044 187
41.150000000000446 182
41.20000000000044 179
41.25000000000044 177
41.300000000000445 175
41.35000000000045 172
41.400000000000446 172
41.45000000000044 170
41.50000000000045 170
41.55000000000045 170
41.60000000000045 170
41.650000000000446 170
41.70000000000045 168
41.750000000000455 164
41.80000000000045 161
41.85000000000045 161
41.90000000000045 161
41.95000000000046 161
42.000000000000455 161
42.05000000000045 156
42.100000000000456 156
42.15000000000046 153
42.20000000000046 150
42.250000000000455 150
42.30000000000046 147
42.35000000000046 147
42.40000000000046 147
42.45000000000046 146
42.50000000000046 146
42.550000000000466 145
42.60000000000046 143
42.65000000000046 142
42.700000000000465 142
42.75000000000047 142
42.800000000000466 139
42.85000000000046 139
42.90000000000047 137
42.95000000000047 136
43.00000000000047 136
43.050000000000466 134
43.10000000000047 134
43.150000000000475 132
43.20000000000047 130
43.25000000000047 129
43.30000000000047 126
43.35000000000048 126
43.400000000000475 122
43.45000000000047 119
43.500000000000476 119
43.55000000000048 117
43.60000000000048 115
43.650000000000475 113
43.70000000000048 110
43.75000000000048 109
43.80000000000048 109
43.85000000000048 107
43.90000000000048 107
43.950000000000486 107
44.00000000000048 107
44.05000000000048 102
44.100000000000485 101
44.15000000000049 101
44.200000000000486 101
44.25000000000048 101
44.30000000000049 101
44.35000000000049 101
44.40000000000049 101
44.450000000000486 101
44.50000000000049 101
44.550000000000495 101
44.60000000000049 101
44.65000000000049 101
44.70000000000049 101
44.7500000000005 101
44.800000000000495 101
44.85000000000049 101
44.900000000000496 101
44.9500000000005 101
45.0000000000005 101
45.050000000000495 101
45.1000000000005 101
45.1500000000005 101
45.2000000000005 101
45.2500000000005 101
45.3000000000005 101
45.350000000000506 101
45.4000000000005 101
45.4500000000005 101
45.500000000000504 101
45.55000000000051 101
45.600000000000506 101
45.6500000000005 101
45.70000000000051 101
45.75000000000051 101
45.80000000000051 101
45.850000000000506 101
45.90000000000051 101
45.950000000000514 101
46.00000000000051 101
46.05000000000051 101
46.10000000000051 101
46.15000000000052 101
46.200000000000514 101
46.25000000000051 101
46.300000000000516 101
46.35000000000052 101
46.40000000000052 101
46.450000000000514 101
46.50000000000052 101
46.55000000000052 101
46.60000000000052 101
46.65000000000052 101
46.70000000000052 101
46.750000000000526 101
46.80000000000052 101
46.85000000000052 101
46.900000000000524 101
46.95000000000053 101
47.000000000000526 101
47.05000000000052 101
47.10000000000053 101
47.15000000000053 101
47.20000000000053 101
47.250000000000526 101
47.30000000000053 101
47.350000000000534 101
47.40000000000053 101
47.45000000000053 101
47.50000000000053 101
47.55000000000054 101
47.600000000000534 101
47.65000000000053 101
47.700000000000536 101
47.75000000000054 101
47.80000000000054 101
47.850000000000534 101
47.90000000000054 101
47.95000000000054 101
48.00000000000054 101
48.05000000000054 101
48.10000000000054 101
48.150000000000546 101
48.20000000000054 101
48.25000000000054 101
48.300000000000544 101
48.35000000000055 101
48.400000000000546 101
48.45000000000054 101
48.50000000000055 101
48.55000000000055 101
48.60000000000055 101
48.650000000000546 101
48.70000000000055 101
48.750000000000554 101
48.80000000000055 101
48.85000000000055 101
48.90000000000055 101
48.95000000000056 101
49.000000000000554 101
49.05000000000055 101
49.100000000000556 101
49.15000000000056 101
49.20000000000056 101
49.250000000000554 98
49.30000000000056 139
49.35000000000056 139
49.40000000000056 89
49.45000000000056 139
49.50000000000056 139
49.550000000000566 139
49.60000000000056 82
49.65000000000056 78
49.700000000000564 140
49.75000000000057 140
49.800000000000566 140
49.85000000000056 140
49.90000000000057 141
49.95000000000057 144
50.00000000000057 146
50.050000000000566 148
50.10000000000057 148
50.150000000000574 148
50.20000000000057 148
50.25000000000057 148
50.30000000000057 148
50.35000000000058 148
50.400000000000574 148
50.45000000000057 148
50.500000000000576 144
50.55000000000058 141
50.60000000000058 140
50.650000000000574 139
50.70000000000058 135
50.75000000000058 139
50.80000000000058 142
50.85000000000058 142
50.90000000000058 142
50.950000000000585 142
51.00000000000058 144
51.05000000000058 146
51.100000000000584 148
51.15000000000059 148
51.200000000000585 148
51.25000000000058 148
51.30000000000059 148
51.35000000000059 148
51.40000000000059 148
51.450000000000585 148
51.50000000000059 148
51.550000000000594 148
51.60000000000059 148
51.65000000000059 148
51.70000000000059 148
51.7500000000006 148
51.800000000000594 148
51.85000000000059 148
51.900000000000595 148
51.9500000000006 148
52.0000000000006 148
52.050000000000594 148
52.1000000000006 148
52.1500000000006 148
52.2000000000006 148
52.2500000000006 148
52.3000000000006 148
52.350000000000605 148
52.4000000000006 148
52.4500000000006 148
52.500000000000604 148
52.55000000000061 148
52.600000000000605 148
52.6500000000006 148
52.70000000000061 148
52.75000000000061 148
52.80000000000061 148
52.850000000000605 148
52.90000000000061 148
52.950000000000614 148
53.00000000000061 148
53.05000000000061 148
53.10000000000061 148
53.15000000000062 148
53.200000000000614 148
53.25000000000061 148
53.300000000000615 148
53.35000000000062 148
53.40000000000062 148
53.450000000000614 148
53.50000000000062 148
53.55000000000062 148
53.60000000000062 148
53.65000000000062 148
53.70000000000062 148
53.750000000000625 148
53.80000000000062 148
53.85000000000062 148
53.900000000000624 148
53.95000000000063 148
54.000000000000625 148
54.05000000000062 148
54.10000000000063 148
54.15000000000063 148
54.20000000000063 148
54.250000000000625 148
54.30000000000063 148
54.350000000000634 148
54.40000000000063 148
54.45000000000063 148
54.50000000000063 148
54.55000000000064 148
54.600000000000634 148
54.65000000000063 148
54.700000000000635 148
54.75000000000064 148
54.80000000000064 148
54.850000000000634 148
54.90000000000064 148
54.95000000000064 148
55.00000000000064 148
55.05000000000064 148
55.10000000000064 148
55.150000000000645 148
55.20000000000064 148
55.25000000000064 148
55.300000000000644 148
55.35000000000065 148
55.400000000000645 148
55.45000000000064 148
55.50000000000065 148
55.55000000000065 148
55.60000000000065 148
55.650000000000645 148
55.70000000000065 148
55.750000000000654 148
55.80000000000065 148
55.85000000000065 148
55.90000000000065 148
55.95000000000066 148
56.000000000000654 148
56.05000000000065 148
56.100000000000655 148
56.15000000000066 148
56.20000000000066 148
56.250000000000654 148
56.30000000000066 148
56.35000000000066 148
56.40000000000066 150
56.45000000000066 150
56.50000000000066 150
56.550000000000665 150
56.60000000000066 150
56.65000000000066 150
56.700000000000664 150
56.75000000000067 150
56.800000000000665 150
56.85000000000066 150
56.90000000000067 150
56.95000000000067 150
57.00000000000067 150
57.050000000000665 150
57.10000000000067 150
57.150000000000674 150
57.20000000000067 150
57.25000000000067 150
57.30000000000067 150
57.350000000000676 150
57.400000000000674 150
57.45000000000067 150
57.500000000000675 150
57.55000000000068 152
57.600000000000676 153
57.650000000000674 154
57.70000000000068 155
57.75000000000068 156
57.80000000000068 157
57.850000000000676 158
57.90000000000068 159
57.950000000000685 160
58.00000000000068 161
58.05000000000068 162
58.10000000000068 163
58.15000000000069 164
58.200000000000685 165
58.25000000000068 166
58.300000000000686 166
58.35000000000069 167
58.40000000000069 167
58.450000000000685 167
58.50000000000069 167
58.55000000000069 168
58.60000000000069 169
58.65000000000069 170
58.70000000000069 171
58.750000000000696 172
58.80000000000069 172
58.85000000000069 172
58.900000000000695 172
58.9500000000007 173
59.000000000000696 174
59.05000000000069 174
59.1000000000007 174
59.1500000000007 174
59.2000000000007 174
59.250000000000696 174
59.3000000000007 175
59.350000000000705 175
59.4000000000007 176
59.4500000000007 177
59.5000000000007 177
59.55000000000071 177
59.600000000000705 177
59.6500000000007 177
59.700000000000706 177
59.75000000000071 177
59.80000000000071 177
59.850000000000705 177
59.90000000000071 178
59.95000000000071 178
60.00000000000071 179
60.05000000000071 180
60.10000000000071 180
60.150000000000716 180
60.20000000000071 181
60.25000000000071 181
60.300000000000715 182
60.35000000000072 182
60.400000000000716 182
60.45000000000071 182
60.50000000000072 183
60.55000000000072 183
60.60000000000072 183
60.650000000000716 183
60.70000000000072 183
60.750000000000725 183
60.80000000000072 183
60.85000000000072 183
60.90000000000072 183
60.95000000000073 183
61.000000000000725 183
61.05000000000072 183
61.100000000000726 183
61.15000000000073 183
61.20000000000073 183
61.250000000000725 183
61.30000000000073 183
61.35000000000073 183
61.40000000000073 183
61.45000000000073 183
61.50000000000073 183
61.550000000000736 183
61.60000000000073 183
61.65000000000073 183
61.700000000000735 183
61.75000000000074 183
61.800000000000736 183
61.85000000000073 183
61.90000000000074 183
61.95000000000074 183
62.00000000000074 183
62.050000000000736 183
62.10000000000074 183
62.150000000000745 183
62.20000000000074 183
62.25000000000074 183
62.30000000000074 183
62.35000000000075 183
62.400000000000745 183
62.45000000000074 183
62.500000000000746 183
62.55000000000075 183
62.60000000000075 183
62.650000000000745 183
62.70000000000075 183
62.75000000000075 183
62.80000000000075 183
62.85000000000075 183
62.90000000000075 183
62.950000000000756 183
63.00000000000075 183
63.05000000000075 183
63.100000000000755 183
63.15000000000076 183
63.200000000000756 183
63.25000000000075 183
63.30000000000076 183
63.35000000000076 183
63.40000000000076 183
63.450000000000756 183
63.50000000000076 183
63.550000000000765 183
63.60000000000076 183
63.65000000000076 183
63.70000000000076 183
63.75000000000077 183
63.800000000000765 183
63.85000000000076 183
63.900000000000766 183
63.95000000000077 183
64.00000000000077 183
64.05000000000076 183
64.10000000000076 183
64.15000000000077 183
64.20000000000077 183
64.25000000000077 183
64.30000000000078 183
64.35000000000078 183
64.40000000000077 183
64.45000000000077 183
64.50000000000077 183
64.55000000000078 183
64.60000000000078 183
64.65000000000077 183
64.70000000000078 183
64.75000000000078 183
64.80000000000078 183
64.85000000000078 183
64.90000000000077 183
64.95000000000078 183
65.00000000000078 183
65.05000000000078 183
65.10000000000079 183
65.15000000000079 183
65.20000000000078 183
65.25000000000078 183
65.30000000000078 183
65.35000000000079 183
65.40000000000079 183
65.45000000000078 183
65.5000000000008 183
65.5500000000008 183
65.60000000000079 183
65.65000000000079 184
65.70000000000078 184
65.7500000000008 184
65.8000000000008 184
65.85000000000079 184
65.9000000000008 184
65.9500000000008 184
66.0000000000008 184
66.0500000000008 184
66.10000000000079 184
66.1500000000008 184
66.2000000000008 184
66.2500000000008 184
66.30000000000081 184
66.3500000000008 184
66.4000000000008 184
66.4500000000008 184
66.5000000000008 184
66.55000000000081 184
66.6000000000008 184
66.6500000000008 184
66.70000000000081 184
66.75000000000081 184
66.80000000000081 184
66.8500000000008 183
66.9000000000008 179
66.95000000000081 177
67.00000000000081 175
67.05000000000081 173
67.10000000000082 170
67.15000000000082 168
67.20000000000081 166
67.25000000000081 165
67.30000000000081 162
67.35000000000082 160
67.40000000000082 159
67.45000000000081 157
67.50000000000082 154
67.55000000000082 152
67.60000000000082 150
67.65000000000082 149
67.70000000000081 149
67.75000000000082 149
67.80000000000082 148
67.85000000000082 147
67.90000000000083 145
67.95000000000083 144
68.00000000000082 142
68.05000000000082 140
68.10000000000082 140
68.15000000000083 138
68.20000000000083 138
68.25000000000082 136
68.30000000000084 136
68.35000000000083 136
68.40000000000083 136
68.45000000000083 136
68.50000000000082 136
68.55000000000084 136
68.60000000000083 133
68.65000000000083 130
68.70000000000084 128
68.75000000000084 127
68.80000000000084 127
68.85000000000083 127
68.90000000000083 127
68.95000000000084 127
69.00000000000084 127
69.05000000000084 127
69.10000000000085 127
69.15000000000084 127
69.20000000000084 126
69.25000000000084 125
69.30000000000084 125
69.35000000000085 125
69.40000000000084 123
69.45000000000084 123
69.50000000000085 123
69.55000000000085 119
69.60000000000085 119
69.65000000000084 118
69.70000000000084 115
69.75000000000085 115
69.80000000000085 113
69.85000000000085 111
69.90000000000086 111
69.95000000000086 111
70.00000000000085 111
70.05000000000085 111
70.10000000000085 111
70.15000000000086 111
70.20000000000086 111
70.25000000000085 111
70.30000000000086 111
70.35000000000086 111
70.40000000000086 111
70.45000000000086 111
70.50000000000085 111
70.55000000000086 111
70.60000000000086 111
70.65000000000086 111
70.70000000000087 111
70.75000000000087 111
70.80000000000086 111
70.85000000000086 111
70.90000000000086 111
70.95000000000087 111
71.00000000000087 111
71.05000000000086 111
71.10000000000088 111
71.15000000000087 111
71.20000000000087 111
71.25000000000087 111
71.30000000000086 111
71.35000000000088 111
71.40000000000087 111
71.45000000000087 111
71.50000000000088 111
71.55000000000088 111
71.60000000000088 111
71.65000000000087 111
71.70000000000087 111
71.75000000000088 111
71.80000000000088 111
71.85000000000088 111
71.90000000000089 111
71.95000000000088 111
72.00000000000088 111
72.05000000000088 111
72.10000000000088 111
72.15000000000089 111
72.20000000000088 111
72.25000000000088 111
72.30000000000089 111
72.35000000000089 111
72.40000000000089 111
72.45000000000088 111
72.50000000000088 111
72.55000000000089 111
72.60000000000089 111
72.65000000000089 111
72.7000000000009 111
72.7500000000009 111
72.80000000000089 111
72.85000000000089 111
72.90000000000089 111
72.9500000000009 111
73.0000000000009 111
73.05000000000089 111
73.1000000000009 111
73.1500000000009 111
73.2000000000009 111
73.2500000000009 111
73.30000000000089 111
73.3500000000009 111
73.4000000000009 111
73.4500000000009 111
73.50000000000091 111
73.5500000000009 111
73.6000000000009 111
73.6500000000009 111
73.7000000000009 111
73.75000000000091 111
73.8000000000009 111
73.8500000000009 111
73.90000000000092 111
73.95000000000091 111
74.00000000000091 111
74.0500000000009 111
74.1000000000009 111
74.15000000000092 111
74.20000000000091 111
74.25000000000091 111
74.30000000000092 111
74.35000000000092 111
74.40000000000092 111
74.45000000000091 111
74.50000000000091 111
74.55000000000092 108
74.60000000000092 106
74.65000000000092 106
74.70000000000093 106
74.75000000000092 106
74.80000000000092 106
74.85000000000092 106
74.90000000000092 106
74.95000000000093 106
75.00000000000092 106
75.05000000000092 106
75.10000000000093 106
75.15000000000093 106
75.20000000000093 106
75.25000000000092 106
75.30000000000092 106
75.35000000000093 106
75.40000000000093 103
75.45000000000093 99
75.50000000000094 128
75.55000000000094 91
75.60000000000093 128
75.65000000000093 83
75.70000000000093 79
75.75000000000094 128
75.80000000000094 128
75.85000000000093 128
75.90000000000094 128
75.95000000000094 128
76.00000000000094 128
76.05000000000094 128
76.10000000000093 128
76.15000000000094 128
76.20000000000094 128
76.25000000000094 128
76.30000000000095 128
76.35000000000095 128
76.40000000000094 128
76.45000000000094 128
76.50000000000094 128
76.55000000000095 128
76.60000000000095 128
76.65000000000094 128
76.70000000000095 128
76.75000000000095 128
76.80000000000095 128
76.85000000000095 128
76.90000000000094 128
76.95000000000095 128
77.00000000000095 128
77.05000000000095 128
77.10000000000096 128
77.15000000000096 128
77.20000000000095 128
77.25000000000095 128
77.30000000000095 128
77.35000000000096 122
77.40000000000096 118
77.45000000000095 117
77.50000000000097 128
77.55000000000096 128
77.60000000000096 128
77.65000000000096 128
77.70000000000095 128
77.75000000000097 128
77.80000000000096 128
77.85000000000096 132
77.90000000000097 132
77.95000000000097 132
78.00000000000097 132
78.05000000000096 132
78.10000000000096 132
78.15000000000097 132
78.20000000000097 132
78.25000000000097 132
78.30000000000098 132
78.35000000000097 132
78.40000000000097 132
78.45000000000097 132
78.50000000000097 132
78.55000000000098 132
78.60000000000097 132
78.65000000000097 132
78.70000000000098 132
78.75000000000098 132
78.80000000000098 132
78.85000000000097 132
78.90000000000097 132
78.95000000000098 132
79.00000000000098 132
79.05000000000098 132
79.10000000000099 132
79.15000000000099 132
79.20000000000098 132
79.25000000000098 132
79.30000000000098 132
79.35000000000099 132
79.40000000000099 132
79.45000000000098 132
79.500000000001 132
79.55000000000099 132
79.60000000000099 132
79.65000000000099 132
79.70000000000098 132
79.750000000001 132
79.80000000000099 132
79.85000000000099 132
79.900000000001 132
79.950000000001 132
80.000000000001 132
80.05000000000099 132
80.10000000000099 132
80.150000000001 132
80.200000000001 132
80.250000000001 132
80.300000000001 132
80.350000000001 132
80.400000000001 132
80.450000000001 132
80.500000000001 132
80.550000000001 132
80.600000000001 132
80.650000000001 132
80.70000000000101 132
80.75000000000101 132
80.800000000001 132
80.850000000001 132
80.900000000001 132
80.95000000000101 132
81.00000000000101 132
81.050000000001 132
81.10000000000102 132
81.15000000000101 132
81.20000000000101 132
81.25000000000101 132
81.300000000001 132
81.35000000000102 132
81.40000000000101 132
81.45000000000101 132
81.50000000000102 132
81.55000000000102 132
81.60000000000102 132
81.65000000000101 132
81.70000000000101 132
81.75000000000102 132
81.80000000000102 132
81.85000000000102 132
81.90000000000103 132
81.95000000000103 132
82.00000000000102 132
82.05000000000102 132
82.10000000000102 132
82.15000000000103 132
82.20000000000103 132
82.25000000000102 132
82.30000000000103 132
82.35000000000103 132
82.40000000000103 132
82.45000000000103 132
82.50000000000102 132
82.55000000000103 132
82.60000000000103 132
82.65000000000103 132
82.70000000000104 132
82.75000000000104 132
82.80000000000103 132
82.85000000000103 132
82.90000000000103 132
82.95000000000104 132
83.00000000000104 132
83.05000000000103 132
83.10000000000105 132
83.15000000000104 132
83.20000000000104 133
83.25000000000104 134
83.30000000000103 135
83.35000000000105 136
83.40000000000104 136
83.45000000000104 137
83.50000000000105 137
83.55000000000105 138
83.60000000000105 139
83.65000000000104 140
83.70000000000104 140
83.75000000000105 141
83.80000000000105 141
83.85000000000105 142
83.90000000000106 143
83.95000000000105 143
84.00000000000105 144
84.05000000000105 144
84.10000000000105 144
84.15000000000106 144
84.20000000000105 145
84.25000000000105 145
84.30000000000106 146
84.35000000000106 146
84.40000000000106 146
84.45000000000105 146
84.50000000000105 147
84.55000000000106 147
84.60000000000106 147
84.65000000000106 147
84.70000000000107 147
84.75000000000107 147
84.80000000000106 147
84.85000000000106 148
84.90000000000106 148
84.95000000000107 149
85.00000000000107 149
85.05000000000106 149
85.10000000000107 149
85.15000000000107 149
85.20000000000107 149
85.25000000000107 149
85.30000000000106 149
85.35000000000107 149
85.40000000000107 149
85.45000000000107 150
85.50000000000108 150
85.55000000000108 151
85.60000000000107 151
85.65000000000107 152
85.70000000000107 153
85.75000000000108 153
85.80000000000108 153
85.85000000000107 153
85.90000000000109 153
85.95000000000108 153
86.00000000000108 154
86.05000000000108 155
86.10000000000107 155
86.15000000000109 155
86.20000000000108 155
86.25000000000108 155
86.30000000000109 155
86.35000000000109 155
86.40000000000109 155
86.45000000000108 155
86.50000000000108 155
86.55000000000109 155
86.60000000000109 155
86.65000000000109 155
86.7000000000011 155
86.7500000000011 155
86.80000000000109 155
86.85000000000109 155
86.90000000000109 155
86.9500000000011 155
87.0000000000011 155
87.05000000000109 155
87.1000000000011 155
87.1500000000011 155
87.2000000000011 155
87.2500000000011 155
87.30000000000109 155
87.3500000000011 155
87.4000000000011 155
87.4500000000011 155
87.50000000000111 155
87.5500000000011 155
87.6000000000011 155
87.6500000000011 155
87.7000000000011 155
87.75000000000111 155
87.8000000000011 155
87.8500000000011 155
87.90000000000111 155
87.95000000000111 155
88.00000000000111 155
88.0500000000011 155
88.1000000000011 155
88.15000000000111 155
88.20000000000111 155
88.25000000000111 155
88.30000000000112 155
88.35000000000112 155
88.40000000000111 155
88.45000000000111 155
88.50000000000111 155
88.55000000000112 155
88.60000000000112 155
88.65000000000111 155
88.70000000000113 155
88.75000000000112 155
88.80000000000112 155
88.85000000000112 155
88.90000000000111 155
88.95000000000113 155
89.00000000000112 155
89.05000000000112 155
89.10000000000113 155
89.15000000000113 155
89.20000000000113 155
89.25000000000112 155
89.30000000000112 155
89.35000000000113 155
89.40000000000113 155
89.45000000000113 155
89.50000000000114 155
89.55000000000113 155
89.60000000000113 155
89.65000000000113 155
89.70000000000113 155
89.75000000000114 155
89.80000000000113 155
89.85000000000113 155
89.90000000000114 155
89.95000000000114 155
90.00000000000114 155
90.05000000000113 155
90.10000000000113 155
90.15000000000114 155
90.20000000000114 155
90.25000000000114 155
90.30000000000115 155
90.35000000000115 155
90.40000000000114 155
90.45000000000114 155
90.50000000000114 155
90.55000000000115 155
90.60000000000115 155
90.65000000000114 155
90.70000000000115 155
90.75000000000115 155
90.80000000000115 155
90.85000000000115 155
90.90000000000114 155
90.95000000000115 155
91.00000000000115 155
91.05000000000115 155
91.10000000000116 155
91.15000000000116 155
91.20000000000115 155
91.25000000000115 155
91.30000000000115 155
91.35000000000116 155
91.40000000000116 155
91.45000000000115 155
91.50000000000117 155
91.55000000000116 155
91.60000000000116 155
91.65000000000116 155
91.70000000000115 155
91.75000000000117 155
91.80000000000116 155
91.85000000000116 155
91.90000000000117 155
91.95000000000117 155
92.00000000000117 155
92.05000000000116 155
92.10000000000116 155
92.15000000000117 155
92.20000000000117 157
92.25000000000117 159
92.30000000000118 161
92.35000000000117 163
92.40000000000117 165
92.45000000000117 167
92.50000000000117 169
92.55000000000118 171
92.60000000000117 173
92.65000000000117 175
92.70000000000118 177
92.75000000000118 179
92.80000000000118 181
92.85000000000117 184
92.90000000000117 186
92.95000000000118 188
93.00000000000118 190
93.05000000000118 192
93.10000000000119 194
93.15000000000119 196
93.20000000000118 198
93.25000000000118 198
93.30000000000118 198
93.35000000000119 198
93.40000000000119 200
93.45000000000118 203
93.5000000000012 205
93.55000000000119 207
93.60000000000119 207
93.65000000000119 207
93.70000000000118 207
93.7500000000012 209
93.80000000000119 211
93.85000000000119 211
93.9000000000012 211
93.9500000000012 211
94.0000000000012 211
94.05000000000119 211
94.10000000000119 212
94.1500000000012 213
94.2000000000012 215
94.2500000000012 217
94.3000000000012 217
94.3500000000012 217
94.4000000000012 217
94.4500000000012 217
94.5000000000012 217
94.5500000000012 217
94.6000000000012 217
94.6500000000012 217
94.70000000000121 217
94.75000000000121 217
94.8000000000012 218
94.8500000000012 218
94.9000000000012 217
94.95000000000121 214
95.00000000000121 212
95.0500000000012 212
95.10000000000122 212
95.15000000000121 211
95.20000000000121 211
95.25000000000121 211
95.3000000000012 210
95.35000000000122 210
95.40000000000121 207
95.45000000000121 207
95.50000000000122 207
95.55000000000122 207
95.60000000000122 207
95.65000000000121 207
95.70000000000121 207
95.75000000000122 207
95.80000000000122 207
95.85000000000122 207
95.90000000000123 207
95.95000000000122 207
96.00000000000122 207
96.05000000000122 207
96.10000000000122 207
96.15000000000123 207
96.20000000000122 207
96.25000000000122 207
96.30000000000123 207
96.35000000000123 207
96.40000000000123 207
96.45000000000122 207
96.50000000000122 207
96.55000000000123 207
96.60000000000123 207
96.65000000000123 207
96.70000000000124 207
96.75000000000124 207
96.80000000000123 207
96.85000000000123 207
96.90000000000123 207
96.95000000000124 207
97.00000000000124 207
97.05000000000123 207
97.10000000000124 207
97.15000000000124 207
97.20000000000124 207
97.25000000000124 207
97.30000000000123 207
97.35000000000124 207
97.40000000000124 207
97.45000000000124 207
97.50000000000125 207
97.55000000000125 207
97.60000000000124 207
97.65000000000124 207
97.70000000000124 207
97.75000000000125 207
97.80000000000125 207
97.85000000000124 207
97.90000000000126 207
97.95000000000125 207
98.00000000000125 207
98.05000000000125 207
98.10000000000124 207
98.15000000000126 207
98.20000000000125 207
98.25000000000125 207
98.30000000000126 207
98.35000000000126 207
98.40000000000126 207
98.45000000000125 207
98.50000000000125 207
98.55000000000126 207
98.60000000000126 207
98.65000000000126 207
98.70000000000127 207
98.75000000000126 207
98.80000000000126 207
98.85000000000126 207
98.90000000000126 207
98.95000000000127 207
99.00000000000126 207
99.05000000000126 207
99.10000000000127 207
99.15000000000127 207
99.20000000000127 207
99.25000000000126 207
99.30000000000126 207
99.35000000000127 207
99.40000000000127 207
99.45000000000127 207
99.50000000000128 207
99.55000000000128 207
99.60000000000127 207
99.65000000000127 207
99.70000000000127 207
99.75000000000128 207
99.80000000000128 207
99.85000000000127 207
99.90000000000128 207
99.95000000000128 207
