10.65000000000001 10
10.70000000000001 10
10.75000000000001 10
10.800000000000011 10
10.850000000000012 10
10.900000000000013 13
10.950000000000014 17
11.000000000000014 20
11.050000000000015 20
11.100000000000016 20
11.150000000000016 20
11.200000000000017 20
11.250000000000018 20
11.300000000000018 20
11.35000000000002 21
11.40000000000002 22
11.45000000000002 22
11.500000000000021 25
11.550000000000022 29
11.600000000000023 29
11.650000000000023 29
11.700000000000024 29
11.750000000000025 29
11.800000000000026 29
11.850000000000026 29
11.900000000000027 29
11.950000000000028 29
12.000000000000028 29
12.05000000000003 29
12.10000000000003 29
12.15000000000003 29
12.200000000000031 29
12.250000000000032 29
12.300000000000033 29
12.350000000000033 29
12.400000000000034 29
12.450000000000035 29
12.500000000000036 29
12.550000000000036 29
12.600000000000037 29
12.650000000000038 29
12.700000000000038 29
12.750000000000039 30
12.80000000000004 30
12.85000000000004 30
12.900000000000041 30
12.950000000000042 31
13.000000000000043 31
13.050000000000043 31
13.100000000000044 31
13.150000000000045 31
13.200000000000045 31
13.250000000000046 31
13.300000000000047 31
13.350000000000048 31
13.400000000000048 31
13.450000000000049 31
13.50000000000005 31
13.55000000000005 31
13.600000000000051 31
13.650000000000052 31
13.700000000000053 31
13.750000000000053 31
13.800000000000054 31
13.850000000000055 31
13.900000000000055 31
13.950000000000056 31
14.000000000000057 31
14.050000000000058 31
14.100000000000058 31
14.150000000000059 32
14.20000000000006 32
14.25000000000006 32
14.300000000000061 32
14.350000000000062 32
14.400000000000063 33
14.450000000000063 34
14.500000000000064 34
14.550000000000065 35
14.600000000000065 36
14.650000000000066 36
14.700000000000067 37
14.750000000000068 37
14.800000000000068 37
14.850000000000069 37
14.90000000000007 37
14.95000000000007 37
15.000000000000071 37
15.050000000000072 37
15.100000000000072 37
15.150000000000073 37
15.200000000000074 37
15.250000000000075 37
15.300000000000075 37
15.350000000000076 37
15.400000000000077 37
15.450000000000077 37
15.500000000000078 37
15.550000000000079 37
15.60000000000008 38
15.65000000000008 39
15.700000000000081 39
15.750000000000082 39
15.800000000000082 39
15.850000000000083 39
15.900000000000084 40
15.950000000000085 40
16.000000000000085 41
16.050000000000086 41
16.100000000000087 41
16.150000000000087 41
16.200000000000088 41
16.25000000000009 41
16.30000000000009 43
16.35000000000009 45
16.40000000000009 47
16.45000000000009 49
16.500000000000092 52
16.550000000000093 54
16.600000000000094 54
16.650000000000095 55
16.700000000000095 55
16.750000000000096 55
16.800000000000097 55
16.850000000000097 55
16.900000000000098 55
16.9500000000001 55
17.0000000000001 55
17.0500000000001 55
17.1000000000001 55
17.1500000000001 55
17.200000000000102 55
17.250000000000103 55
17.300000000000104 55
17.350000000000104 55
17.400000000000105 55
17.450000000000106 55
17.500000000000107 55
17.550000000000107 55
17.600000000000108 55
17.65000000000011 55
17.70000000000011 55
17.75000000000011 55
17.80000000000011 55
17.85000000000011 57
17.900000000000112 57
17.950000000000113 58
18.000000000000114 58
18.050000000000114 58
18.100000000000115 58
18.150000000000116 58
18.200000000000117 60
18.250000000000117 60
18.300000000000118 60
18.35000000000012 60
18.40000000000012 61
18.45000000000012 61
18.50000000000012 62
18.55000000000012 62
18.600000000000122 62
18.650000000000123 62
18.700000000000124 62
18.750000000000124 63
18.800000000000125 66
18.850000000000126 68
18.900000000000126 70
18.950000000000127 72
19.000000000000128 74
19.05000000000013 76
19.10000000000013 78
19.15000000000013 80
19.20000000000013 81
19.25000000000013 81
19.300000000000132 83
19.350000000000133 83
19.400000000000134 83
19.450000000000134 83
19.500000000000135 83
19.550000000000136 83
19.600000000000136 83
19.650000000000137 83
19.700000000000138 83
19.75000000000014 83
19.80000000000014 83
19.85000000000014 83
19.90000000000014 83
19.95000000000014 83
20.000000000000142 83
20.050000000000143 83
20.100000000000144 83
20.150000000000144 83
20.200000000000145 83
20.250000000000146 83
20.300000000000146 83
20.350000000000147 83
20.400000000000148 83
20.45000000000015 83
20.50000000000015 83
20.55000000000015 83
20.60000000000015 83
20.65000000000015 83
20.700000000000152 83
20.750000000000153 83
20.800000000000153 83
20.850000000000154 83
20.900000000000155 83
20.950000000000156 83
21.000000000000156 83
21.050000000000157 83
21.100000000000158 85
21.15000000000016 85
21.20000000000016 85
21.25000000000016 87
21.30000000000016 87
21.35000000000016 87
21.400000000000162 87
21.450000000000163 87
21.500000000000163 87
21.550000000000164 87
21.600000000000165 87
21.650000000000166 90
21.700000000000166 90
21.750000000000167 90
21.800000000000168 90
21.85000000000017 90
21.90000000000017 91
21.95000000000017 92
22.00000000000017 92
22.05000000000017 93
22.100000000000172 93
22.150000000000173 93
22.200000000000173 93
22.250000000000174 93
22.300000000000175 93
22.350000000000176 93
22.400000000000176 93
22.450000000000177 94
22.500000000000178 96
22.55000000000018 98
22.60000000000018 100
22.65000000000018 102
22.70000000000018 105
22.75000000000018 107
22.800000000000182 109
22.850000000000183 111
22.900000000000183 113
22.950000000000184 115
23.000000000000185 117
23.050000000000185 119
23.100000000000186 120
23.150000000000187 121
23.200000000000188 121
23.25000000000019 122
23.30000000000019 123
23.35000000000019 124
23.40000000000019 124
23.45000000000019 124
23.500000000000192 124
23.550000000000193 124
23.600000000000193 124
23.650000000000194 124
23.700000000000195 124
23.750000000000195 124
23.800000000000196 124
23.850000000000197 124
23.900000000000198 124
23.9500000000002 124
24.0000000000002 124
24.0500000000002 124
24.1000000000002 124
24.1500000000002 124
24.200000000000202 124
24.250000000000203 124
24.300000000000203 124
24.350000000000204 124
24.400000000000205 124
24.450000000000205 124
24.500000000000206 124
24.550000000000207 124
24.600000000000207 124
24.650000000000208 124
24.70000000000021 124
24.75000000000021 124
24.80000000000021 124
24.85000000000021 124
24.90000000000021 124
24.950000000000212 124
25.000000000000213 124
25.050000000000214 124
25.100000000000215 124
25.150000000000215 124
25.200000000000216 124
25.250000000000217 124
25.300000000000217 124
25.350000000000218 124
25.40000000000022 124
25.45000000000022 124
25.50000000000022 124
25.55000000000022 124
25.60000000000022 124
25.650000000000222 124
25.700000000000223 124
25.750000000000224 124
25.800000000000225 124
25.850000000000225 124
25.900000000000226 124
25.950000000000227 124
26.000000000000227 126
26.050000000000228 128
26.10000000000023 128
26.15000000000023 128
26.20000000000023 129
26.25000000000023 131
26.30000000000023 131
26.350000000000232 131
26.400000000000233 131
26.450000000000234 131
26.500000000000234 131
26.550000000000235 131
26.600000000000236 131
26.650000000000237 131
26.700000000000237 131
26.750000000000238 131
26.80000000000024 132
26.85000000000024 134
26.90000000000024 135
26.95000000000024 135
27.00000000000024 135
27.050000000000242 135
27.100000000000243 135
27.150000000000244 135
27.200000000000244 135
27.250000000000245 137
27.300000000000246 138
27.350000000000247 138
27.400000000000247 138
27.450000000000248 139
27.50000000000025 139
27.55000000000025 139
27.60000000000025 139
27.65000000000025 139
27.70000000000025 139
27.750000000000252 139
27.800000000000253 139
27.850000000000254 139
27.900000000000254 139
27.950000000000255 139
28.000000000000256 140
28.050000000000257 141
28.100000000000257 143
28.150000000000258 145
28.20000000000026 147
28.25000000000026 149
28.30000000000026 151
28.35000000000026 153
28.40000000000026 155
28.450000000000262 157
28.500000000000263 159
28.550000000000264 161
28.600000000000264 163
28.650000000000265 165
28.700000000000266 167
28.750000000000266 170
28.800000000000267 172
28.850000000000268 174
28.90000000000027 176
28.95000000000027 178
29.00000000000027 180
29.05000000000027 180
29.10000000000027 181
29.150000000000272 182
29.200000000000273 182
29.250000000000274 182
29.300000000000274 184
29.350000000000275 186
29.400000000000276 186
29.450000000000276 186
29.500000000000277 186
29.550000000000278 186
29.60000000000028 186
29.65000000000028 186
29.70000000000028 186
29.75000000000028 186
29.80000000000028 186
29.850000000000282 186
29.900000000000283 186
29.950000000000284 186
30.000000000000284 186
30.050000000000285 186
30.100000000000286 186
30.150000000000286 186
30.200000000000287 186
30.250000000000288 186
30.30000000000029 186
30.35000000000029 186
30.40000000000029 186
30.45000000000029 186
30.50000000000029 186
30.550000000000292 186
30.600000000000293 186
30.650000000000293 186
30.700000000000294 186
30.750000000000295 186
30.800000000000296 186
30.850000000000296 186
30.900000000000297 186
30.950000000000298 186
31.0000000000003 186
31.0500000000003 186
31.1000000000003 186
31.1500000000003 186
31.2000000000003 186
31.250000000000302 186
31.300000000000303 186
31.350000000000303 186
31.400000000000304 186
31.450000000000305 186
31.500000000000306 186
31.550000000000306 186
31.600000000000307 186
31.650000000000308 186
31.70000000000031 186
31.75000000000031 186
31.80000000000031 186
31.85000000000031 186
31.90000000000031 186
31.950000000000312 186
32.00000000000031 186
32.05000000000031 186
32.100000000000314 186
32.15000000000032 186
32.200000000000315 186
32.25000000000031 186
32.30000000000032 186
32.35000000000032 186
32.40000000000032 186
32.450000000000315 186
32.50000000000032 186
32.550000000000324 186
32.60000000000032 186
32.65000000000032 186
32.70000000000032 186
32.75000000000033 186
32.800000000000324 186
32.85000000000032 186
32.900000000000325 186
32.95000000000033 186
33.00000000000033 186
33.050000000000324 186
33.10000000000033 186
33.15000000000033 186
33.20000000000033 186
33.25000000000033 186
33.30000000000033 186
33.350000000000335 188
33.40000000000033 190
33.45000000000033 192
33.500000000000334 192
33.55000000000034 192
33.600000000000335 192
33.65000000000033 192
33.70000000000034 194
33.75000000000034 195
33.80000000000034 196
33.850000000000335 196
33.90000000000034 196
33.950000000000344 196
34.00000000000034 196
34.05000000000034 196
34.10000000000034 196
34.15000000000035 196
34.200000000000344 196
34.25000000000034 196
34.300000000000345 196
34.35000000000035 196
34.40000000000035 196
34.450000000000344 196
34.50000000000035 196
34.55000000000035 198
34.60000000000035 199
34.65000000000035 201
34.70000000000035 202
34.750000000000355 203
34.80000000000035 203
34.85000000000035 203
34.900000000000354 203
34.95000000000036 203
35.000000000000355 203
35.05000000000035 203
35.10000000000036 203
35.15000000000036 203
35.20000000000036 203
35.250000000000355 206
35.30000000000036 207
35.350000000000364 207
35.40000000000036 207
35.45000000000036 207
35.50000000000036 207
35.55000000000037 208
35.600000000000364 209
35.65000000000036 209
35.700000000000365 209
35.75000000000037 209
35.80000000000037 209
35.850000000000364 209
35.90000000000037 209
35.95000000000037 209
36.00000000000037 209
36.05000000000037 209
36.10000000000037 209
36.150000000000375 209
36.20000000000037 209
36.25000000000037 209
36.300000000000374 209
36.35000000000038 209
36.400000000000375 211
36.45000000000037 212
36.50000000000038 213
36.55000000000038 215
36.60000000000038 217
36.650000000000375 219
36.70000000000038 221
36.750000000000384 223
36.80000000000038 226
36.85000000000038 228
36.90000000000038 230
36.95000000000039 232
37.000000000000384 234
37.05000000000038 236
37.100000000000385 238
37.15000000000039 240
37.20000000000039 242
37.250000000000384 244
37.30000000000039 246
37.35000000000039 248
37.40000000000039 251
37.45000000000039 253
37.50000000000039 255
37.550000000000395 257
37.60000000000039 259
37.65000000000039 261
37.700000000000394 263
37.7500000000004 265
37.800000000000395 267
37.85000000000039 269
37.9000000000004 270
37.9500000000004 270
38.0000000000004 271
38.050000000000395 271
38.1000000000004 273
38.150000000000404 273
38.2000000000004 273
38.2500000000004 273
38.3000000000004 274
38.350000000000406 277
38.400000000000404 279
38.4500000000004 279
38.500000000000405 279
38.55000000000041 279
38.600000000000406 279
38.650000000000404 279
38.70000000000041 279
38.75000000000041 279
38.80000000000041 279
38.850000000000406 279
38.90000000000041 279
38.950000000000415 279
39.00000000000041 279
39.05000000000041 279
39.10000000000041 279
39.15000000000042 279
39.200000000000415 279
39.25000000000041 279
39.300000000000416 279
39.35000000000042 279
39.40000000000042 279
39.450000000000415 279
39.50000000000042 279
39.55000000000042 279
39.60000000000042 279
39.65000000000042 279
39.70000000000042 279
39.750000000000426 279
39.80000000000042 279
39.85000000000042 279
39.900000000000425 279
39.95000000000043 279
40.000000000000426 279
40.05000000000042 279
40.10000000000043 279
40.15000000000043 279
40.20000000000043 279
40.250000000000426 279
40.30000000000043 279
40.350000000000435 279
40.40000000000043 279
40.45000000000043 279
40.50000000000043 279
40.55000000000044 279
40.600000000000435 279
40.65000000000043 279
40.700000000000436 279
40.75000000000044 279
40.80000000000044 279
40.850000000000435 279
40.90000000000044 279
40.95000000000044 279
41.00000000000044 279
41.05000000000044 279
41.10000000000044 279
41.150000000000446 279
41.20000000000044 279
41.25000000000044 279
41.300000000000445 279
41.35000000000045 279
41.400000000000446 279
41.45000000000044 279
41.50000000000045 279
41.55000000000045 279
41.60000000000045 279
41.650000000000446 279
41.70000000000045 279
41.750000000000455 279
41.80000000000045 279
41.85000000000045 279
41.90000000000045 279
41.95000000000046 279
42.000000000000455 279
42.05000000000045 279
42.100000000000456 279
42.15000000000046 279
42.20000000000046 279
42.250000000000455 279
42.30000000000046 279
42.35000000000046 279
42.40000000000046 279
42.45000000000046 279
42.50000000000046 279
42.550000000000466 279
42.60000000000046 279
42.65000000000046 280
42.700000000000465 280
42.75000000000047 276
42.800000000000466 276
42.85000000000046 276
42.90000000000047 276
42.95000000000047 276
43.00000000000047 273
43.050000000000466 272
43.10000000000047 269
43.150000000000475 269
43.20000000000047 269
43.25000000000047 269
43.30000000000047 269
43.35000000000048 269
43.400000000000475 269
43.45000000000047 269
43.500000000000476 269
43.55000000000048 269
43.60000000000048 269
43.650000000000475 269
43.70000000000048 269
43.75000000000048 269
43.80000000000048 269
43.85000000000048 269
43.90000000000048 266
43.950000000000486 264
44.00000000000048 260
44.05000000000048 260
44.100000000000485 260
44.15000000000049 260
44.200000000000486 260
44.25000000000048 260
44.30000000000049 260
44.35000000000049 260
44.40000000000049 260
44.450000000000486 260
44.50000000000049 260
44.550000000000495 257
44.60000000000049 254
44.65000000000049 254
44.70000000000049 254
44.7500000000005 254
44.800000000000495 254
44.85000000000049 251
44.900000000000496 251
44.9500000000005 250
45.0000000000005 250
45.050000000000495 250
45.1000000000005 250
45.1500000000005 250
45.2000000000005 250
45.2500000000005 250
45.3000000000005 250
45.350000000000506 250
45.4000000000005 250
45.4500000000005 250
45.500000000000504 250
45.55000000000051 250
45.600000000000506 250
45.6500000000005 250
45.70000000000051 247
45.75000000000051 246
45.80000000000051 244
45.850000000000506 242
45.90000000000051 239
45.950000000000514 235
46.00000000000051 232
46.05000000000051 229
46.10000000000051 226
46.15000000000052 222
46.200000000000514 219
46.25000000000051 216
46.300000000000516 213
46.35000000000052 208
46.40000000000052 205
46.450000000000514 202
46.50000000000052 199
46.55000000000052 195
46.60000000000052 193
46.65000000000052 191
46.70000000000052 189
46.750000000000526 187
46.80000000000052 185
46.85000000000052 183
46.900000000000524 181
46.95000000000053 178
47.000000000000526 176
47.05000000000052 174
47.10000000000053 172
47.15000000000053 170
47.20000000000053 169
47.250000000000526 169
47.30000000000053 169
47.350000000000534 167
47.40000000000053 166
47.45000000000053 165
47.50000000000053 165
47.55000000000054 165
47.600000000000534 164
47.65000000000053 162
47.700000000000536 159
47.75000000000054 159
47.80000000000054 159
47.850000000000534 159
47.90000000000054 159
47.95000000000054 159
48.00000000000054 159
48.05000000000054 159
48.10000000000054 159
48.150000000000546 159
48.20000000000054 159
48.25000000000054 159
48.300000000000544 159
48.35000000000055 159
48.400000000000546 159
48.45000000000054 159
48.50000000000055 159
48.55000000000055 159
48.60000000000055 159
48.650000000000546 159
48.70000000000055 159
48.750000000000554 159
48.80000000000055 159
48.85000000000055 159
48.90000000000055 159
48.95000000000056 159
49.000000000000554 159
49.05000000000055 159
49.100000000000556 159
49.15000000000056 159
49.20000000000056 159
49.250000000000554 159
49.30000000000056 159
49.35000000000056 159
49.40000000000056 159
49.45000000000056 159
49.50000000000056 159
49.550000000000566 159
49.60000000000056 159
49.65000000000056 159
49.700000000000564 159
49.75000000000057 159
49.800000000000566 159
49.85000000000056 159
49.90000000000057 159
49.95000000000057 159
50.00000000000057 159
50.050000000000566 159
50.10000000000057 159
50.150000000000574 159
50.20000000000057 159
50.25000000000057 159
50.30000000000057 159
50.35000000000058 159
50.400000000000574 159
50.45000000000057 159
50.500000000000576 159
50.55000000000058 159
50.60000000000058 159
50.650000000000574 159
50.70000000000058 159
50.75000000000058 159
50.80000000000058 159
50.85000000000058 157
50.90000000000058 157
50.950000000000585 192
51.00000000000058 178
51.05000000000058 178
51.100000000000584 178
51.15000000000059 175
51.200000000000585 171
51.25000000000058 171
51.30000000000059 171
51.35000000000059 171
51.40000000000059 171
51.450000000000585 171
51.50000000000059 171
51.550000000000594 171
51.60000000000059 170
51.65000000000059 166
51.70000000000059 162
51.7500000000006 192
51.800000000000594 192
51.85000000000059 192
51.900000000000595 192
51.9500000000006 192
52.0000000000006 192
52.050000000000594 192
52.1000000000006 159
52.1500000000006 155
52.2000000000006 155
52.2500000000006 155
52.3000000000006 155
52.350000000000605 192
52.4000000000006 192
52.4500000000006 192
52.500000000000604 192
52.55000000000061 192
52.600000000000605 192
52.6500000000006 192
52.70000000000061 192
52.75000000000061 192
52.80000000000061 148
52.850000000000605 192
52.90000000000061 192
52.950000000000614 192
53.00000000000061 193
53.05000000000061 196
53.10000000000061 196
53.15000000000062 196
53.200000000000614 196
53.25000000000061 196
53.300000000000615 196
53.35000000000062 196
53.40000000000062 196
53.450000000000614 196
53.50000000000062 196
53.55000000000062 196
53.60000000000062 196
53.65000000000062 196
53.70000000000062 196
53.750000000000625 196
53.80000000000062 196
53.85000000000062 196
53.900000000000624 193
53.95000000000063 193
54.000000000000625 193
54.05000000000062 193
54.10000000000063 195
54.15000000000063 196
54.20000000000063 196
54.250000000000625 196
54.30000000000063 196
54.350000000000634 196
54.40000000000063 196
54.45000000000063 196
54.50000000000063 196
54.55000000000064 196
54.600000000000634 196
54.65000000000063 196
54.700000000000635 196
54.75000000000064 196
54.80000000000064 196
54.850000000000634 196
54.90000000000064 196
54.95000000000064 196
55.00000000000064 196
55.05000000000064 196
55.10000000000064 196
55.150000000000645 196
55.20000000000064 196
55.25000000000064 196
55.300000000000644 196
55.35000000000065 196
55.400000000000645 196
55.45000000000064 196
55.50000000000065 196
55.55000000000065 196
55.60000000000065 196
55.650000000000645 196
55.70000000000065 196
55.750000000000654 196
55.80000000000065 196
55.85000000000065 196
55.90000000000065 196
55.95000000000066 196
56.000000000000654 196
56.05000000000065 196
56.100000000000655 196
56.15000000000066 196
56.20000000000066 196
56.250000000000654 196
56.30000000000066 196
56.35000000000066 196
56.40000000000066 196
56.45000000000066 196
56.50000000000066 196
56.550000000000665 196
56.60000000000066 196
56.65000000000066 196
56.700000000000664 196
56.75000000000067 196
56.800000000000665 196
56.85000000000066 196
56.90000000000067 196
56.95000000000067 196
57.00000000000067 196
57.050000000000665 196
57.10000000000067 196
57.150000000000674 196
57.20000000000067 196
57.25000000000067 196
57.30000000000067 196
57.350000000000676 196
57.400000000000674 196
57.45000000000067 196
57.500000000000675 196
57.55000000000068 196
57.600000000000676 196
57.650000000000674 196
57.70000000000068 196
57.75000000000068 196
57.80000000000068 196
57.850000000000676 196
57.90000000000068 196
57.950000000000685 196
58.00000000000068 196
58.05000000000068 196
58.10000000000068 196
58.15000000000069 196
58.200000000000685 196
58.25000000000068 196
58.300000000000686 196
58.35000000000069 196
58.40000000000069 196
58.450000000000685 196
58.50000000000069 196
58.55000000000069 196
58.60000000000069 196
58.65000000000069 196
58.70000000000069 196
58.750000000000696 196
58.80000000000069 196
58.85000000000069 196
58.900000000000695 196
58.9500000000007 196
59.000000000000696 196
59.05000000000069 196
59.1000000000007 196
59.1500000000007 196
59.2000000000007 196
59.250000000000696 196
59.3000000000007 196
59.350000000000705 196
59.4000000000007 196
59.4500000000007 196
59.5000000000007 196
59.55000000000071 196
59.600000000000705 196
59.6500000000007 196
59.700000000000706 196
59.75000000000071 196
59.80000000000071 196
59.850000000000705 196
59.90000000000071 196
59.95000000000071 196
60.00000000000071 196
60.05000000000071 196
60.10000000000071 196
60.150000000000716 196
60.20000000000071 196
60.25000000000071 196
60.300000000000715 196
60.35000000000072 196
60.400000000000716 196
60.45000000000071 196
60.50000000000072 196
60.55000000000072 196
60.60000000000072 196
60.650000000000716 196
60.70000000000072 196
60.750000000000725 196
60.80000000000072 196
60.85000000000072 196
60.90000000000072 196
60.95000000000073 196
61.000000000000725 196
61.05000000000072 196
61.100000000000726 196
61.15000000000073 196
61.20000000000073 196
61.250000000000725 196
61.30000000000073 196
61.35000000000073 196
61.40000000000073 196
61.45000000000073 196
61.50000000000073 196
61.550000000000736 196
61.60000000000073 196
61.65000000000073 196
61.700000000000735 196
61.75000000000074 196
61.800000000000736 196
61.85000000000073 196
61.90000000000074 196
61.95000000000074 196
62.00000000000074 196
62.050000000000736 196
62.10000000000074 196
62.150000000000745 197
62.20000000000074 197
62.25000000000074 197
62.30000000000074 198
62.35000000000075 198
62.400000000000745 161
62.45000000000074 160
62.500000000000746 159
62.55000000000075 157
62.60000000000075 156
62.650000000000745 155
62.70000000000075 154
62.75000000000075 152
62.80000000000075 151
62.85000000000075 150
62.90000000000075 149
62.950000000000756 147
63.00000000000075 146
63.05000000000075 145
63.100000000000755 143
63.15000000000076 142
63.200000000000756 141
63.25000000000075 140
63.30000000000076 140
63.35000000000076 139
63.40000000000076 138
63.450000000000756 138
63.50000000000076 138
63.550000000000765 138
63.60000000000076 138
63.65000000000076 138
63.70000000000076 138
63.75000000000077 138
63.800000000000765 138
63.85000000000076 138
63.900000000000766 138
63.95000000000077 138
64.00000000000077 138
64.05000000000076 138
64.10000000000076 138
64.15000000000077 138
64.20000000000077 138
64.25000000000077 138
64.30000000000078 138
64.35000000000078 138
64.40000000000077 138
64.45000000000077 138
64.50000000000077 138
64.55000000000078 138
64.60000000000078 138
64.65000000000077 138
64.70000000000078 138
64.75000000000078 138
64.80000000000078 138
64.85000000000078 138
64.90000000000077 138
64.95000000000078 138
65.00000000000078 138
65.05000000000078 138
65.10000000000079 138
65.15000000000079 138
65.20000000000078 138
65.25000000000078 138
65.30000000000078 138
65.35000000000079 138
65.40000000000079 138
65.45000000000078 138
65.5000000000008 138
65.5500000000008 138
65.60000000000079 138
65.65000000000079 138
65.70000000000078 138
65.7500000000008 138
65.8000000000008 138
65.85000000000079 138
65.9000000000008 138
65.9500000000008 138
66.0000000000008 138
66.0500000000008 138
66.10000000000079 138
66.1500000000008 138
66.2000000000008 138
66.2500000000008 138
66.30000000000081 138
66.3500000000008 138
66.4000000000008 138
66.4500000000008 138
66.5000000000008 138
66.55000000000081 138
66.6000000000008 138
66.6500000000008 138
66.70000000000081 138
66.75000000000081 138
66.80000000000081 138
66.8500000000008 138
66.9000000000008 138
66.95000000000081 138
67.00000000000081 138
67.05000000000081 138
67.10000000000082 138
67.15000000000082 138
67.20000000000081 138
67.25000000000081 138
67.30000000000081 138
67.35000000000082 138
67.40000000000082 138
67.45000000000081 138
67.50000000000082 138
67.55000000000082 138
67.60000000000082 138
67.65000000000082 138
67.70000000000081 138
67.75000000000082 138
67.80000000000082 138
67.85000000000082 138
67.90000000000083 138
67.95000000000083 138
68.00000000000082 138
68.05000000000082 138
68.10000000000082 138
68.15000000000083 138
68.20000000000083 138
68.25000000000082 138
68.30000000000084 138
68.35000000000083 138
68.40000000000083 138
68.45000000000083 138
68.50000000000082 138
68.55000000000084 138
68.60000000000083 138
68.65000000000083 138
68.70000000000084 138
68.75000000000084 138
68.80000000000084 138
68.85000000000083 138
68.90000000000083 138
68.95000000000084 138
69.00000000000084 138
69.05000000000084 138
69.10000000000085 138
69.15000000000084 138
69.20000000000084 138
69.25000000000084 138
69.30000000000084 138
69.35000000000085 138
69.40000000000084 138
69.45000000000084 138
69.50000000000085 138
69.55000000000085 138
69.60000000000085 138
69.65000000000084 138
69.70000000000084 138
69.75000000000085 138
69.80000000000085 138
69.85000000000085 138
69.90000000000086 138
69.95000000000086 138
70.00000000000085 138
70.05000000000085 138
70.10000000000085 138
70.15000000000086 138
70.20000000000086 138
70.25000000000085 138
70.30000000000086 138
70.35000000000086 138
70.40000000000086 138
70.45000000000086 138
70.50000000000085 138
70.55000000000086 138
70.60000000000086 138
70.65000000000086 138
70.70000000000087 138
70.75000000000087 138
70.80000000000086 138
70.85000000000086 138
70.90000000000086 138
70.95000000000087 138
71.00000000000087 138
71.05000000000086 138
71.10000000000088 138
71.15000000000087 138
71.20000000000087 138
71.25000000000087 138
71.30000000000086 138
71.35000000000088 138
71.40000000000087 138
71.45000000000087 138
71.50000000000088 138
71.55000000000088 138
71.60000000000088 138
71.65000000000087 138
71.70000000000087 138
71.75000000000088 138
71.80000000000088 138
71.85000000000088 138
71.90000000000089 138
71.95000000000088 141
72.00000000000088 141
72.05000000000088 141
72.10000000000088 141
72.15000000000089 141
72.20000000000088 142
72.25000000000088 142
72.30000000000089 142
72.35000000000089 142
72.40000000000089 142
72.45000000000088 142
72.50000000000088 142
72.55000000000089 142
72.60000000000089 142
72.65000000000089 142
72.7000000000009 143
72.7500000000009 143
72.80000000000089 143
72.85000000000089 143
72.90000000000089 143
72.9500000000009 143
73.0000000000009 143
73.05000000000089 143
73.1000000000009 143
73.1500000000009 143
73.2000000000009 143
73.2500000000009 143
73.30000000000089 143
73.3500000000009 143
73.4000000000009 143
73.4500000000009 143
73.50000000000091 143
73.5500000000009 143
73.6000000000009 143
73.6500000000009 143
73.7000000000009 143
73.75000000000091 143
73.8000000000009 143
73.8500000000009 143
73.90000000000092 143
73.95000000000091 143
74.00000000000091 143
74.0500000000009 143
74.1000000000009 143
74.15000000000092 143
74.20000000000091 143
74.25000000000091 143
74.30000000000092 143
74.35000000000092 143
74.40000000000092 143
74.45000000000091 143
74.50000000000091 143
74.55000000000092 143
74.60000000000092 143
74.65000000000092 143
74.70000000000093 143
74.75000000000092 143
74.80000000000092 143
74.85000000000092 143
74.90000000000092 143
74.95000000000093 143
75.00000000000092 143
75.05000000000092 143
75.10000000000093 143
75.15000000000093 143
75.20000000000093 143
75.25000000000092 143
75.30000000000092 143
75.35000000000093 143
75.40000000000093 143
75.45000000000093 143
75.50000000000094 143
75.55000000000094 143
75.60000000000093 143
75.65000000000093 143
75.70000000000093 143
75.75000000000094 143
75.80000000000094 143
75.85000000000093 143
75.90000000000094 143
75.95000000000094 143
76.00000000000094 143
76.05000000000094 143
76.10000000000093 143
76.15000000000094 143
76.20000000000094 143
76.25000000000094 143
76.30000000000095 143
76.35000000000095 143
76.40000000000094 143
76.45000000000094 143
76.50000000000094 143
76.55000000000095 143
76.60000000000095 143
76.65000000000094 143
76.70000000000095 143
76.75000000000095 143
76.80000000000095 143
76.85000000000095 143
76.90000000000094 144
76.95000000000095 145
77.00000000000095 146
77.05000000000095 146
77.10000000000096 147
77.15000000000096 147
77.20000000000095 148
77.25000000000095 149
77.30000000000095 149
77.35000000000096 149
77.40000000000096 149
77.45000000000095 149
77.50000000000097 149
77.55000000000096 149
77.60000000000096 149
77.65000000000096 149
77.70000000000095 149
77.75000000000097 149
77.80000000000096 149
77.85000000000096 149
77.90000000000097 149
77.95000000000097 149
78.00000000000097 149
78.05000000000096 149
78.10000000000096 149
78.15000000000097 149
78.20000000000097 149
78.25000000000097 149
78.30000000000098 149
78.35000000000097 149
78.40000000000097 149
78.45000000000097 149
78.50000000000097 149
78.55000000000098 149
78.60000000000097 149
78.65000000000097 149
78.70000000000098 149
78.75000000000098 149
78.80000000000098 149
78.85000000000097 149
78.90000000000097 149
78.95000000000098 149
79.00000000000098 149
79.05000000000098 150
79.10000000000099 151
79.15000000000099 152
79.20000000000098 152
79.25000000000098 153
79.30000000000098 154
79.35000000000099 155
79.40000000000099 156
79.45000000000098 156
79.500000000001 157
79.55000000000099 158
79.60000000000099 159
79.65000000000099 160
79.70000000000098 160
79.750000000001 161
79.80000000000099 162
79.85000000000099 163
79.900000000001 164
79.950000000001 165
80.000000000001 165
80.05000000000099 166
80.10000000000099 167
80.150000000001 167
80.200000000001 167
80.250000000001 167
80.300000000001 168
80.350000000001 168
80.400000000001 168
80.450000000001 168
80.500000000001 169
80.550000000001 170
80.600000000001 171
80.650000000001 171
80.70000000000101 171
80.75000000000101 171
80.800000000001 171
80.850000000001 171
80.900000000001 171
80.95000000000101 171
81.00000000000101 171
81.050000000001 171
81.10000000000102 171
81.15000000000101 171
81.20000000000101 171
81.25000000000101 171
81.300000000001 171
81.35000000000102 171
81.40000000000101 171
81.45000000000101 171
81.50000000000102 171
81.55000000000102 171
81.60000000000102 171
81.65000000000101 171
81.70000000000101 171
81.75000000000102 171
81.80000000000102 171
81.85000000000102 171
81.90000000000103 171
81.95000000000103 171
82.00000000000102 171
82.05000000000102 171
82.10000000000102 171
82.15000000000103 171
82.20000000000103 171
82.25000000000102 171
82.30000000000103 171
82.35000000000103 171
82.40000000000103 171
82.45000000000103 171
82.50000000000102 171
82.55000000000103 171
82.60000000000103 171
82.65000000000103 171
82.70000000000104 171
82.75000000000104 171
82.80000000000103 171
82.85000000000103 171
82.90000000000103 171
82.95000000000104 171
83.00000000000104 171
83.05000000000103 171
83.10000000000105 171
83.15000000000104 171
83.20000000000104 171
83.25000000000104 171
83.30000000000103 171
83.35000000000105 171
83.40000000000104 171
83.45000000000104 171
83.50000000000105 171
83.55000000000105 171
83.60000000000105 171
83.65000000000104 171
83.70000000000104 171
83.75000000000105 171
83.80000000000105 171
83.85000000000105 171
83.90000000000106 171
83.95000000000105 171
84.00000000000105 171
84.05000000000105 171
84.10000000000105 171
84.15000000000106 171
84.20000000000105 171
84.25000000000105 171
84.30000000000106 171
84.35000000000106 171
84.40000000000106 171
84.45000000000105 171
84.50000000000105 171
84.55000000000106 171
84.60000000000106 171
84.65000000000106 171
84.70000000000107 171
84.75000000000107 171
84.80000000000106 171
84.85000000000106 171
84.90000000000106 171
84.95000000000107 171
85.00000000000107 173
85.05000000000106 175
85.10000000000107 177
85.15000000000107 179
85.20000000000107 181
85.25000000000107 183
85.30000000000106 185
85.35000000000107 187
85.40000000000107 190
85.45000000000107 191
85.50000000000108 191
85.55000000000108 191
85.60000000000107 191
85.65000000000107 191
85.70000000000107 191
85.75000000000108 191
85.80000000000108 191
85.85000000000107 191
85.90000000000109 191
85.95000000000108 191
86.00000000000108 191
86.05000000000108 191
86.10000000000107 191
86.15000000000109 191
86.20000000000108 191
86.25000000000108 191
86.30000000000109 191
86.35000000000109 191
86.40000000000109 191
86.45000000000108 191
86.50000000000108 191
86.55000000000109 191
86.60000000000109 191
86.65000000000109 191
86.7000000000011 191
86.7500000000011 191
86.80000000000109 191
86.85000000000109 191
86.90000000000109 191
86.9500000000011 191
87.0000000000011 191
87.05000000000109 191
87.1000000000011 191
87.1500000000011 191
87.2000000000011 191
87.2500000000011 191
87.30000000000109 191
87.3500000000011 191
87.4000000000011 192
87.4500000000011 194
87.50000000000111 196
87.5500000000011 198
87.6000000000011 200
87.6500000000011 202
87.7000000000011 204
87.75000000000111 206
87.8000000000011 208
87.8500000000011 210
87.90000000000111 213
87.95000000000111 215
88.00000000000111 217
88.0500000000011 219
88.1000000000011 221
88.15000000000111 223
88.20000000000111 225
88.25000000000111 227
88.30000000000112 229
88.35000000000112 231
88.40000000000111 233
88.45000000000111 235
88.50000000000111 238
88.55000000000112 240
88.60000000000112 242
88.65000000000111 243
88.70000000000113 245
88.75000000000112 245
88.80000000000112 246
88.85000000000112 246
88.90000000000111 248
88.95000000000113 249
89.00000000000112 249
89.05000000000112 249
89.10000000000113 249
89.15000000000113 250
89.20000000000113 252
89.25000000000112 254
89.30000000000112 256
89.35000000000113 257
89.40000000000113 257
89.45000000000113 257
89.50000000000114 257
89.55000000000113 257
89.60000000000113 257
89.65000000000113 257
89.70000000000113 257
89.75000000000114 257
89.80000000000113 257
89.85000000000113 257
89.90000000000114 257
89.95000000000114 257
90.00000000000114 257
90.05000000000113 257
90.10000000000113 257
90.15000000000114 257
90.20000000000114 257
90.25000000000114 257
90.30000000000115 257
90.35000000000115 257
90.40000000000114 257
90.45000000000114 257
90.50000000000114 257
90.55000000000115 257
90.60000000000115 257
90.65000000000114 257
90.70000000000115 257
90.75000000000115 257
90.80000000000115 257
90.85000000000115 257
90.90000000000114 257
90.95000000000115 257
91.00000000000115 257
91.05000000000115 257
91.10000000000116 257
91.15000000000116 257
91.20000000000115 257
91.25000000000115 257
91.30000000000115 257
91.35000000000116 257
91.40000000000116 257
91.45000000000115 257
91.50000000000117 257
91.55000000000116 257
91.60000000000116 257
91.65000000000116 257
91.70000000000115 257
91.75000000000117 257
91.80000000000116 257
91.85000000000116 257
91.90000000000117 257
91.95000000000117 257
92.00000000000117 257
92.05000000000116 257
92.10000000000116 257
92.15000000000117 257
92.20000000000117 257
92.25000000000117 257
92.30000000000118 257
92.35000000000117 257
92.40000000000117 257
92.45000000000117 257
92.50000000000117 257
92.55000000000118 257
92.60000000000117 257
92.65000000000117 257
92.70000000000118 257
92.75000000000118 257
92.80000000000118 257
92.85000000000117 257
92.90000000000117 257
92.95000000000118 257
93.00000000000118 257
93.05000000000118 257
93.10000000000119 257
93.15000000000119 257
93.20000000000118 257
93.25000000000118 257
93.30000000000118 257
93.35000000000119 257
93.40000000000119 257
93.45000000000118 257
93.5000000000012 257
93.55000000000119 257
93.60000000000119 257
93.65000000000119 257
93.70000000000118 257
93.7500000000012 257
93.80000000000119 257
93.85000000000119 257
93.9000000000012 257
93.9500000000012 257
94.0000000000012 257
94.05000000000119 257
94.10000000000119 257
94.1500000000012 257
94.2000000000012 257
94.2500000000012 258
94.3000000000012 259
94.3500000000012 260
94.4000000000012 262
94.4500000000012 258
94.5000000000012 255
94.5500000000012 252
94.6000000000012 249
94.6500000000012 245
94.70000000000121 241
94.75000000000121 238
94.8000000000012 237
94.8500000000012 236
94.9000000000012 236
94.95000000000121 236
95.00000000000121 236
95.0500000000012 236
95.10000000000122 236
95.15000000000121 236
95.20000000000121 236
95.25000000000121 236
95.3000000000012 236
95.35000000000122 236
95.40000000000121 236
95.45000000000121 236
95.50000000000122 236
95.55000000000122 236
95.60000000000122 236
95.65000000000121 236
95.70000000000121 236
95.75000000000122 236
95.80000000000122 236
95.85000000000122 236
95.90000000000123 236
95.95000000000122 236
96.00000000000122 236
96.05000000000122 236
96.10000000000122 236
96.15000000000123 236
96.20000000000122 236
96.25000000000122 236
96.30000000000123 236
96.35000000000123 236
96.40000000000123 236
96.45000000000122 236
96.50000000000122 236
96.55000000000123 236
96.60000000000123 236
96.65000000000123 236
96.70000000000124 236
96.75000000000124 235
96.80000000000123 232
96.85000000000123 229
96.90000000000123 224
96.95000000000124 222
97.00000000000124 219
97.05000000000123 215
97.10000000000124 212
97.15000000000124 209
97.20000000000124 204
97.25000000000124 201
97.30000000000123 198
97.35000000000124 195
97.40000000000124 192
97.45000000000124 188
97.50000000000125 185
97.55000000000125 182
97.60000000000124 180
97.65000000000124 178
97.70000000000124 176
97.75000000000125 174
97.80000000000125 171
97.85000000000124 169
97.90000000000126 167
97.95000000000125 165
98.00000000000125 165
98.05000000000125 162
98.10000000000124 162
98.15000000000126 160
98.20000000000125 160
98.25000000000125 157
98.30000000000126 156
98.35000000000126 155
98.40000000000126 155
98.45000000000125 155
98.50000000000125 155
98.55000000000126 152
98.60000000000126 150
98.65000000000126 149
98.70000000000127 148
98.75000000000126 148
98.80000000000126 148
98.85000000000126 148
98.90000000000126 148
98.95000000000127 148
99.00000000000126 148
99.05000000000126 148
99.10000000000127 148
99.15000000000127 148
99.20000000000127 148
99.25000000000126 148
99.30000000000126 148
99.35000000000127 148
99.40000000000127 148
99.45000000000127 148
99.50000000000128 148
99.55000000000128 148
99.60000000000127 148
99.65000000000127 148
99.70000000000127 148
99.75000000000128 148
99.80000000000128 148
99.85000000000127 148
99.90000000000128 148
99.95000000000128 148
