10.65000000000001 10
10.70000000000001 10
10.75000000000001 10
10.800000000000011 10
10.850000000000012 10
10.900000000000013 10
10.950000000000014 10
11.000000000000014 10
11.050000000000015 10
11.100000000000016 10
11.150000000000016 11
11.200000000000017 13
11.250000000000018 14
11.300000000000018 16
11.35000000000002 17
11.40000000000002 19
11.45000000000002 20
11.500000000000021 20
11.550000000000022 20
11.600000000000023 20
11.650000000000023 20
11.700000000000024 20
11.750000000000025 20
11.800000000000026 20
11.850000000000026 20
11.900000000000027 20
11.950000000000028 20
12.000000000000028 22
12.05000000000003 24
12.10000000000003 26
12.15000000000003 28
12.200000000000031 29
12.250000000000032 29
12.300000000000033 29
12.350000000000033 29
12.400000000000034 29
12.450000000000035 29
12.500000000000036 29
12.550000000000036 29
12.600000000000037 29
12.650000000000038 29
12.700000000000038 29
12.750000000000039 29
12.80000000000004 29
12.85000000000004 29
12.900000000000041 29
12.950000000000042 29
13.000000000000043 29
13.050000000000043 29
13.100000000000044 29
13.150000000000045 29
13.200000000000045 29
13.250000000000046 29
13.300000000000047 29
13.350000000000048 29
13.400000000000048 29
13.450000000000049 29
13.50000000000005 30
13.55000000000005 30
13.600000000000051 30
13.650000000000052 30
13.700000000000053 30
13.750000000000053 30
13.800000000000054 30
13.850000000000055 30
13.900000000000055 31
13.950000000000056 31
14.000000000000057 31
14.050000000000058 31
14.100000000000058 31
14.150000000000059 31
14.20000000000006 31
14.25000000000006 31
14.300000000000061 31
14.350000000000062 31
14.400000000000063 31
14.450000000000063 31
14.500000000000064 31
14.550000000000065 31
14.600000000000065 31
14.650000000000066 31
14.700000000000067 31
14.750000000000068 31
14.800000000000068 31
14.850000000000069 31
14.90000000000007 31
14.95000000000007 31
15.000000000000071 33
15.050000000000072 33
15.100000000000072 34
15.150000000000073 34
15.200000000000074 35
15.250000000000075 35
15.300000000000075 35
15.350000000000076 36
15.400000000000077 37
15.450000000000077 37
15.500000000000078 39
15.550000000000079 39
15.60000000000008 39
15.65000000000008 40
15.700000000000081 40
15.750000000000082 41
15.800000000000082 41
15.850000000000083 42
15.900000000000084 42
15.950000000000085 42
16.000000000000085 42
16.050000000000086 42
16.100000000000087 42
16.150000000000087 42
16.200000000000088 42
16.25000000000009 42
16.30000000000009 42
16.35000000000009 42
16.40000000000009 42
16.45000000000009 42
16.500000000000092 42
16.550000000000093 42
16.600000000000094 42
16.650000000000095 42
16.700000000000095 42
16.750000000000096 42
16.800000000000097 42
16.850000000000097 42
16.900000000000098 42
16.9500000000001 42
17.0000000000001 42
17.0500000000001 42
17.1000000000001 44
17.1500000000001 45
17.200000000000102 47
17.250000000000103 47
17.300000000000104 47
17.350000000000104 49
17.400000000000105 50
17.450000000000106 50
17.500000000000107 51
17.550000000000107 52
17.600000000000108 53
17.65000000000011 54
17.70000000000011 54
17.75000000000011 56
17.80000000000011 57
17.85000000000011 58
17.900000000000112 58
17.950000000000113 59
18.000000000000114 59
18.050000000000114 60
18.100000000000115 61
18.150000000000116 62
18.200000000000117 63
18.250000000000117 63
18.300000000000118 63
18.35000000000012 63
18.40000000000012 63
18.45000000000012 63
18.50000000000012 63
18.55000000000012 63
18.600000000000122 63
18.650000000000123 63
18.700000000000124 63
18.750000000000124 63
18.800000000000125 63
18.850000000000126 63
18.900000000000126 63
18.950000000000127 63
19.000000000000128 63
19.05000000000013 63
19.10000000000013 63
19.15000000000013 63
19.20000000000013 63
19.25000000000013 63
19.300000000000132 63
19.350000000000133 63
19.400000000000134 63
19.450000000000134 63
19.500000000000135 63
19.550000000000136 63
19.600000000000136 63
19.650000000000137 63
19.700000000000138 63
19.75000000000014 63
19.80000000000014 63
19.85000000000014 63
19.90000000000014 63
19.95000000000014 64
20.000000000000142 66
20.050000000000143 67
20.100000000000144 67
20.150000000000144 69
20.200000000000145 71
20.250000000000146 71
20.300000000000146 71
20.350000000000147 71
20.400000000000148 73
20.45000000000015 75
20.50000000000015 75
20.55000000000015 75
20.60000000000015 76
20.65000000000015 77
20.700000000000152 78
20.750000000000153 78
20.800000000000153 79
20.850000000000154 81
20.900000000000155 81
20.950000000000156 82
21.000000000000156 84
21.050000000000157 84
21.100000000000158 85
21.15000000000016 86
21.20000000000016 87
21.25000000000016 87
21.30000000000016 88
21.35000000000016 89
21.400000000000162 90
21.450000000000163 91
21.500000000000163 92
21.550000000000164 93
21.600000000000165 93
21.650000000000166 94
21.700000000000166 94
21.750000000000167 94
21.800000000000168 94
21.85000000000017 94
21.90000000000017 94
21.95000000000017 94
22.00000000000017 94
22.05000000000017 94
22.100000000000172 94
22.150000000000173 94
22.200000000000173 94
22.250000000000174 94
22.300000000000175 94
22.350000000000176 94
22.400000000000176 94
22.450000000000177 94
22.500000000000178 94
22.55000000000018 94
22.60000000000018 94
22.65000000000018 94
22.70000000000018 94
22.75000000000018 94
22.800000000000182 94
22.850000000000183 94
22.900000000000183 94
22.950000000000184 94
23.000000000000185 94
23.050000000000185 94
23.100000000000186 94
23.150000000000187 94
23.200000000000188 94
23.25000000000019 94
23.30000000000019 94
23.35000000000019 94
23.40000000000019 94
23.45000000000019 94
23.500000000000192 94
23.550000000000193 94
23.600000000000193 94
23.650000000000194 94
23.700000000000195 94
23.750000000000195 94
23.800000000000196 94
23.850000000000197 94
23.900000000000198 94
23.9500000000002 94
24.0000000000002 94
24.0500000000002 94
24.1000000000002 94
24.1500000000002 94
24.200000000000202 94
24.250000000000203 94
24.300000000000203 96
24.350000000000204 98
24.400000000000205 99
24.450000000000205 101
24.500000000000206 101
24.550000000000207 101
24.600000000000207 103
24.650000000000208 105
24.70000000000021 106
24.75000000000021 106
24.80000000000021 106
24.85000000000021 106
24.90000000000021 107
24.950000000000212 108
25.000000000000213 110
25.050000000000214 112
25.100000000000215 112
25.150000000000215 113
25.200000000000216 113
25.250000000000217 113
25.300000000000217 114
25.350000000000218 117
25.40000000000022 117
25.45000000000022 117
25.50000000000022 117
25.55000000000022 119
25.60000000000022 120
25.650000000000222 121
25.700000000000223 122
25.750000000000224 122
25.800000000000225 123
25.850000000000225 124
25.900000000000226 126
25.950000000000227 126
26.000000000000227 127
26.050000000000228 128
26.10000000000023 129
26.15000000000023 129
26.20000000000023 130
26.25000000000023 131
26.30000000000023 132
26.350000000000232 132
26.400000000000233 133
26.450000000000234 135
26.500000000000234 136
26.550000000000235 136
26.600000000000236 138
26.650000000000237 138
26.700000000000237 139
26.750000000000238 139
26.80000000000024 139
26.85000000000024 140
26.90000000000024 141
26.95000000000024 141
27.00000000000024 141
27.050000000000242 141
27.100000000000243 141
27.150000000000244 141
27.200000000000244 141
27.250000000000245 141
27.300000000000246 141
27.350000000000247 141
27.400000000000247 141
27.450000000000248 141
27.50000000000025 141
27.55000000000025 141
27.60000000000025 141
27.65000000000025 141
27.70000000000025 141
27.750000000000252 141
27.800000000000253 141
27.850000000000254 141
27.900000000000254 141
27.950000000000255 141
28.000000000000256 141
28.050000000000257 141
28.100000000000257 141
28.150000000000258 141
28.20000000000026 141
28.25000000000026 141
28.30000000000026 141
28.35000000000026 141
28.40000000000026 141
28.450000000000262 141
28.500000000000263 141
28.550000000000264 141
28.600000000000264 141
28.650000000000265 141
28.700000000000266 141
28.750000000000266 141
28.800000000000267 141
28.850000000000268 141
28.90000000000027 141
28.95000000000027 141
29.00000000000027 141
29.05000000000027 141
29.10000000000027 141
29.150000000000272 141
29.200000000000273 141
29.250000000000274 141
29.300000000000274 141
29.350000000000275 141
29.400000000000276 141
29.450000000000276 141
29.500000000000277 141
29.550000000000278 141
29.60000000000028 141
29.65000000000028 141
29.70000000000028 141
29.75000000000028 141
29.80000000000028 141
29.850000000000282 141
29.900000000000283 141
29.950000000000284 141
30.000000000000284 141
30.050000000000285 141
30.100000000000286 141
30.150000000000286 141
30.200000000000287 141
30.250000000000288 141
30.30000000000029 141
30.35000000000029 141
30.40000000000029 141
30.45000000000029 141
30.50000000000029 141
30.550000000000292 141
30.600000000000293 141
30.650000000000293 141
30.700000000000294 141
30.750000000000295 141
30.800000000000296 142
30.850000000000296 144
30.900000000000297 146
30.950000000000298 148
31.0000000000003 149
31.0500000000003 150
31.1000000000003 151
31.1500000000003 151
31.2000000000003 151
31.250000000000302 152
31.300000000000303 155
31.350000000000303 157
31.400000000000304 159
31.450000000000305 159
31.500000000000306 159
31.550000000000306 159
31.600000000000307 159
31.650000000000308 159
31.70000000000031 159
31.75000000000031 159
31.80000000000031 161
31.85000000000031 162
31.90000000000031 165
31.950000000000312 167
32.00000000000031 168
32.05000000000031 168
32.100000000000314 169
32.15000000000032 169
32.200000000000315 169
32.25000000000031 169
32.30000000000032 169
32.35000000000032 171
32.40000000000032 173
32.450000000000315 175
32.50000000000032 175
32.550000000000324 176
32.60000000000032 176
32.65000000000032 176
32.70000000000032 178
32.75000000000033 178
32.800000000000324 179
32.85000000000032 181
32.900000000000325 182
32.95000000000033 183
33.00000000000033 183
33.050000000000324 183
33.10000000000033 185
33.15000000000033 185
33.20000000000033 186
33.25000000000033 188
33.30000000000033 189
33.350000000000335 189
33.40000000000033 189
33.45000000000033 191
33.500000000000334 192
33.55000000000034 193
33.600000000000335 194
33.65000000000033 194
33.70000000000034 195
33.75000000000034 195
33.80000000000034 195
33.850000000000335 197
33.90000000000034 198
33.950000000000344 198
34.00000000000034 199
34.05000000000034 201
34.10000000000034 203
34.15000000000035 203
34.200000000000344 204
34.25000000000034 205
34.300000000000345 206
34.35000000000035 206
34.40000000000035 207
34.450000000000344 208
34.50000000000035 208
34.55000000000035 208
34.60000000000035 208
34.65000000000035 209
34.70000000000035 210
34.750000000000355 211
34.80000000000035 211
34.85000000000035 211
34.900000000000354 211
34.95000000000036 212
35.000000000000355 212
35.05000000000035 212
35.10000000000036 212
35.15000000000036 212
35.20000000000036 212
35.250000000000355 212
35.30000000000036 212
35.350000000000364 212
35.40000000000036 212
35.45000000000036 212
35.50000000000036 212
35.55000000000037 212
35.600000000000364 212
35.65000000000036 212
35.700000000000365 212
35.75000000000037 212
35.80000000000037 212
35.850000000000364 212
35.90000000000037 212
35.95000000000037 212
36.00000000000037 212
36.05000000000037 212
36.10000000000037 212
36.150000000000375 212
36.20000000000037 212
36.25000000000037 212
36.300000000000374 212
36.35000000000038 212
36.400000000000375 212
36.45000000000037 212
36.50000000000038 212
36.55000000000038 212
36.60000000000038 212
36.650000000000375 212
36.70000000000038 212
36.750000000000384 212
36.80000000000038 212
36.85000000000038 212
36.90000000000038 212
36.95000000000039 212
37.000000000000384 212
37.05000000000038 212
37.100000000000385 212
37.15000000000039 212
37.20000000000039 212
37.250000000000384 212
37.30000000000039 212
37.35000000000039 212
37.40000000000039 212
37.45000000000039 212
37.50000000000039 212
37.550000000000395 212
37.60000000000039 212
37.65000000000039 212
37.700000000000394 212
37.7500000000004 212
37.800000000000395 212
37.85000000000039 212
37.9000000000004 212
37.9500000000004 212
38.0000000000004 212
38.050000000000395 212
38.1000000000004 212
38.150000000000404 212
38.2000000000004 212
38.2500000000004 212
38.3000000000004 212
38.350000000000406 212
38.400000000000404 212
38.4500000000004 212
38.500000000000405 212
38.55000000000041 212
38.600000000000406 212
38.650000000000404 212
38.70000000000041 212
38.75000000000041 212
38.80000000000041 212
38.850000000000406 212
38.90000000000041 212
38.950000000000415 212
39.00000000000041 212
39.05000000000041 212
39.10000000000041 212
39.15000000000042 212
39.200000000000415 212
39.25000000000041 212
39.300000000000416 212
39.35000000000042 212
39.40000000000042 212
39.450000000000415 212
39.50000000000042 212
39.55000000000042 212
39.60000000000042 212
39.65000000000042 212
39.70000000000042 212
39.750000000000426 212
39.80000000000042 212
39.85000000000042 212
39.900000000000425 212
39.95000000000043 212
40.000000000000426 212
40.05000000000042 212
40.10000000000043 212
40.15000000000043 210
40.20000000000043 207
40.250000000000426 203
40.30000000000043 202
40.350000000000435 201
40.40000000000043 198
40.45000000000043 198
40.50000000000043 198
40.55000000000044 196
40.600000000000435 193
40.65000000000043 190
40.700000000000436 187
40.75000000000044 187
40.80000000000044 187
40.850000000000435 187
40.90000000000044 187
40.95000000000044 187
41.00000000000044 187
41.05000000000044 187
41.10000000000044 182
41.150000000000446 179
41.20000000000044 177
41.25000000000044 175
41.300000000000445 172
41.35000000000045 172
41.400000000000446 170
41.45000000000044 170
41.50000000000045 170
41.55000000000045 170
41.60000000000045 170
41.650000000000446 168
41.70000000000045 164
41.750000000000455 161
41.80000000000045 161
41.85000000000045 161
41.90000000000045 161
41.95000000000046 161
42.000000000000455 156
42.05000000000045 156
42.100000000000456 153
42.15000000000046 150
42.20000000000046 150
42.250000000000455 147
42.30000000000046 147
42.35000000000046 147
42.40000000000046 146
42.45000000000046 146
42.50000000000046 145
42.550000000000466 143
42.60000000000046 142
42.65000000000046 142
42.700000000000465 142
42.75000000000047 139
42.800000000000466 139
42.85000000000046 137
42.90000000000047 136
42.95000000000047 136
43.00000000000047 134
43.050000000000466 134
43.10000000000047 132
43.150000000000475 130
43.20000000000047 129
43.25000000000047 126
43.30000000000047 126
43.35000000000048 122
43.400000000000475 119
43.45000000000047 119
43.500000000000476 117
43.55000000000048 115
43.60000000000048 113
43.650000000000475 110
43.70000000000048 109
43.75000000000048 109
43.80000000000048 107
43.85000000000048 107
43.90000000000048 107
43.950000000000486 107
44.00000000000048 102
44.05000000000048 101
44.100000000000485 101
44.15000000000049 101
44.200000000000486 101
44.25000000000048 101
44.30000000000049 101
44.35000000000049 101
44.40000000000049 101
44.450000000000486 101
44.50000000000049 101
44.550000000000495 101
44.60000000000049 101
44.65000000000049 101
44.70000000000049 101
44.7500000000005 101
44.800000000000495 101
44.85000000000049 101
44.900000000000496 101
44.9500000000005 101
45.0000000000005 101
45.050000000000495 101
45.1000000000005 101
45.1500000000005 101
45.2000000000005 101
45.2500000000005 101
45.3000000000005 101
45.350000000000506 101
45.4000000000005 101
45.4500000000005 101
45.500000000000504 101
45.55000000000051 101
45.600000000000506 101
45.6500000000005 101
45.70000000000051 101
45.75000000000051 101
45.80000000000051 101
45.850000000000506 101
45.90000000000051 101
45.950000000000514 101
46.00000000000051 101
46.05000000000051 101
46.10000000000051 101
46.15000000000052 101
46.200000000000514 101
46.25000000000051 101
46.300000000000516 101
46.35000000000052 101
46.40000000000052 101
46.450000000000514 101
46.50000000000052 101
46.55000000000052 101
46.60000000000052 101
46.65000000000052 101
46.70000000000052 101
46.750000000000526 101
46.80000000000052 101
46.85000000000052 101
46.900000000000524 101
46.95000000000053 101
47.000000000000526 101
47.05000000000052 101
47.10000000000053 101
47.15000000000053 101
47.20000000000053 101
47.250000000000526 101
47.30000000000053 101
47.350000000000534 101
47.40000000000053 101
47.45000000000053 101
47.50000000000053 101
47.55000000000054 101
47.600000000000534 101
47.65000000000053 101
47.700000000000536 101
47.75000000000054 101
47.80000000000054 101
47.850000000000534 101
47.90000000000054 101
47.95000000000054 101
48.00000000000054 101
48.05000000000054 101
48.10000000000054 101
48.150000000000546 101
48.20000000000054 101
48.25000000000054 101
48.300000000000544 101
48.35000000000055 101
48.400000000000546 101
48.45000000000054 101
48.50000000000055 101
48.55000000000055 101
48.60000000000055 101
48.650000000000546 101
48.70000000000055 101
48.750000000000554 101
48.80000000000055 101
48.85000000000055 101
48.90000000000055 101
48.95000000000056 101
49.000000000000554 101
49.05000000000055 101
49.100000000000556 101
49.15000000000056 101
49.20000000000056 98
49.250000000000554 139
49.30000000000056 139
49.35000000000056 89
49.40000000000056 139
49.45000000000056 139
49.50000000000056 139
49.550000000000566 82
49.60000000000056 78
49.65000000000056 140
49.700000000000564 140
49.75000000000057 140
49.800000000000566 140
49.85000000000056 141
49.90000000000057 144
49.95000000000057 146
