10.500000000000007 10
10.550000000000008 10
10.600000000000009 10
10.65000000000001 10
10.70000000000001 10
10.75000000000001 14
10.800000000000011 18
10.850000000000012 20
10.900000000000013 20
10.950000000000014 21
11.000000000000014 25
11.050000000000015 29
11.100000000000016 29
11.150000000000016 29
11.200000000000017 29
11.250000000000018 29
11.300000000000018 29
11.35000000000002 29
11.40000000000002 29
11.45000000000002 29
11.500000000000021 29
11.550000000000022 29
11.600000000000023 29
11.650000000000023 29
11.700000000000024 29
11.750000000000025 30
11.800000000000026 30
11.850000000000026 30
11.900000000000027 30
11.950000000000028 30
12.000000000000028 30
12.05000000000003 30
12.10000000000003 31
12.15000000000003 31
12.200000000000031 31
12.250000000000032 31
12.300000000000033 31
12.350000000000033 31
12.400000000000034 31
12.450000000000035 31
12.500000000000036 31
12.550000000000036 31
12.600000000000037 31
12.650000000000038 31
12.700000000000038 31
12.750000000000039 31
12.80000000000004 31
12.85000000000004 31
12.900000000000041 31
12.950000000000042 31
13.000000000000043 31
13.050000000000043 31
13.100000000000044 32
13.150000000000045 32
13.200000000000045 32
13.250000000000046 32
13.300000000000047 32
13.350000000000048 32
13.400000000000048 32
13.450000000000049 33
13.50000000000005 33
13.55000000000005 33
13.600000000000051 33
13.650000000000052 33
13.700000000000053 33
13.750000000000053 33
13.800000000000054 33
13.850000000000055 33
13.900000000000055 33
13.950000000000056 33
14.000000000000057 33
14.050000000000058 33
14.100000000000058 33
14.150000000000059 33
14.20000000000006 33
14.25000000000006 33
14.300000000000061 33
14.350000000000062 33
14.400000000000063 33
14.450000000000063 33
14.500000000000064 33
14.550000000000065 33
14.600000000000065 34
14.650000000000066 36
14.700000000000067 38
14.750000000000068 39
14.800000000000068 40
14.850000000000069 42
14.90000000000007 43
14.95000000000007 44
15.000000000000071 44
15.050000000000072 44
15.100000000000072 44
15.150000000000073 46
15.200000000000074 46
15.250000000000075 46
15.300000000000075 46
15.350000000000076 46
15.400000000000077 46
15.450000000000077 46
15.500000000000078 46
15.550000000000079 46
15.60000000000008 46
15.65000000000008 46
15.700000000000081 46
15.750000000000082 46
15.800000000000082 46
15.850000000000083 46
15.900000000000084 46
15.950000000000085 46
16.000000000000085 46
16.050000000000086 46
16.100000000000087 46
16.150000000000087 46
16.200000000000088 46
16.25000000000009 46
16.30000000000009 46
16.35000000000009 46
16.40000000000009 46
16.45000000000009 46
16.500000000000092 46
16.550000000000093 49
16.600000000000094 50
16.650000000000095 52
16.700000000000095 54
16.750000000000096 56
16.800000000000097 58
16.850000000000097 60
16.900000000000098 62
16.9500000000001 64
17.0000000000001 66
17.0500000000001 66
17.1000000000001 67
17.1500000000001 67
17.200000000000102 67
17.250000000000103 67
17.300000000000104 69
17.350000000000104 69
17.400000000000105 70
17.450000000000106 70
17.500000000000107 70
17.550000000000107 70
17.600000000000108 70
17.65000000000011 70
17.70000000000011 70
17.75000000000011 70
17.80000000000011 70
17.85000000000011 70
17.900000000000112 70
17.950000000000113 70
18.000000000000114 70
18.050000000000114 70
18.100000000000115 70
18.150000000000116 70
18.200000000000117 70
18.250000000000117 70
18.300000000000118 70
18.35000000000012 70
18.40000000000012 70
18.45000000000012 70
18.50000000000012 70
18.55000000000012 70
18.600000000000122 70
18.650000000000123 70
18.700000000000124 70
18.750000000000124 70
18.800000000000125 70
18.850000000000126 70
18.900000000000126 70
18.950000000000127 70
19.000000000000128 70
19.05000000000013 70
19.10000000000013 70
19.15000000000013 72
19.20000000000013 73
19.25000000000013 74
19.300000000000132 76
19.350000000000133 78
19.400000000000134 80
19.450000000000134 82
19.500000000000135 84
19.550000000000136 86
19.600000000000136 88
19.650000000000137 90
19.700000000000138 92
19.75000000000014 94
19.80000000000014 97
19.85000000000014 99
19.90000000000014 99
19.95000000000014 99
20.000000000000142 99
20.050000000000143 100
20.100000000000144 100
20.150000000000144 100
20.200000000000145 100
20.250000000000146 100
20.300000000000146 102
20.350000000000147 103
20.400000000000148 103
20.45000000000015 103
20.50000000000015 104
20.55000000000015 105
20.60000000000015 105
20.65000000000015 105
20.700000000000152 105
20.750000000000153 105
20.800000000000153 105
20.850000000000154 105
20.900000000000155 105
20.950000000000156 105
21.000000000000156 105
21.050000000000157 105
21.100000000000158 105
21.15000000000016 105
21.20000000000016 105
21.25000000000016 105
21.30000000000016 105
21.35000000000016 105
21.400000000000162 105
21.450000000000163 105
21.500000000000163 105
21.550000000000164 105
21.600000000000165 105
21.650000000000166 105
21.700000000000166 105
21.750000000000167 105
21.800000000000168 105
21.85000000000017 105
21.90000000000017 105
21.95000000000017 105
22.00000000000017 105
22.05000000000017 105
22.100000000000172 105
22.150000000000173 105
22.200000000000173 105
22.250000000000174 105
22.300000000000175 105
22.350000000000176 105
22.400000000000176 105
22.450000000000177 105
22.500000000000178 105
22.55000000000018 105
22.60000000000018 105
22.65000000000018 105
22.70000000000018 105
22.75000000000018 105
22.800000000000182 105
22.850000000000183 105
22.900000000000183 105
22.950000000000184 105
23.000000000000185 105
23.050000000000185 106
23.100000000000186 107
23.150000000000187 109
23.200000000000188 111
23.25000000000019 111
23.30000000000019 112
23.35000000000019 114
23.40000000000019 117
23.45000000000019 119
23.500000000000192 121
23.550000000000193 123
23.600000000000193 125
23.650000000000194 127
23.700000000000195 129
23.750000000000195 131
23.800000000000196 133
23.850000000000197 135
23.900000000000198 137
23.9500000000002 139
24.0000000000002 142
24.0500000000002 144
24.1000000000002 146
24.1500000000002 148
24.200000000000202 149
24.250000000000203 149
24.300000000000203 149
24.350000000000204 149
24.400000000000205 150
24.450000000000205 150
24.500000000000206 150
24.550000000000207 150
24.600000000000207 150
24.650000000000208 150
24.70000000000021 150
24.75000000000021 150
24.80000000000021 152
24.85000000000021 154
24.90000000000021 155
24.950000000000212 155
25.000000000000213 155
25.050000000000214 155
25.100000000000215 156
25.150000000000215 157
25.200000000000216 157
25.250000000000217 157
25.300000000000217 157
25.350000000000218 157
25.40000000000022 157
25.45000000000022 157
25.50000000000022 157
25.55000000000022 157
25.60000000000022 157
25.650000000000222 157
25.700000000000223 157
25.750000000000224 157
25.800000000000225 157
25.850000000000225 157
25.900000000000226 157
25.950000000000227 157
26.000000000000227 157
26.050000000000228 157
26.10000000000023 157
26.15000000000023 157
26.20000000000023 157
26.25000000000023 157
26.30000000000023 157
26.350000000000232 157
26.400000000000233 157
26.450000000000234 157
26.500000000000234 157
26.550000000000235 157
26.600000000000236 157
26.650000000000237 157
26.700000000000237 157
26.750000000000238 157
26.80000000000024 157
26.85000000000024 157
26.90000000000024 157
26.95000000000024 157
27.00000000000024 157
27.050000000000242 157
27.100000000000243 157
27.150000000000244 157
27.200000000000244 157
27.250000000000245 157
27.300000000000246 157
27.350000000000247 157
27.400000000000247 157
27.450000000000248 157
27.50000000000025 157
27.55000000000025 157
27.60000000000025 157
27.65000000000025 157
27.70000000000025 157
27.750000000000252 157
27.800000000000253 157
27.850000000000254 157
27.900000000000254 157
27.950000000000255 157
28.000000000000256 157
28.050000000000257 157
28.100000000000257 157
28.150000000000258 157
28.20000000000026 157
28.25000000000026 157
28.30000000000026 157
28.35000000000026 157
28.40000000000026 157
28.450000000000262 157
28.500000000000263 157
28.550000000000264 157
28.600000000000264 157
28.650000000000265 157
28.700000000000266 157
28.750000000000266 157
28.800000000000267 157
28.850000000000268 157
28.90000000000027 157
28.95000000000027 157
29.00000000000027 160
29.05000000000027 160
29.10000000000027 162
29.150000000000272 164
29.200000000000273 166
29.250000000000274 166
29.300000000000274 166
29.350000000000275 168
29.400000000000276 170
29.450000000000276 173
29.500000000000277 175
29.550000000000278 177
29.60000000000028 179
29.65000000000028 181
29.70000000000028 183
29.75000000000028 185
29.80000000000028 187
29.850000000000282 189
29.900000000000283 191
29.950000000000284 193
30.000000000000284 195
30.050000000000285 198
30.100000000000286 200
30.150000000000286 202
30.200000000000287 204
30.250000000000288 206
30.30000000000029 208
30.35000000000029 210
30.40000000000029 212
30.45000000000029 214
30.50000000000029 216
30.550000000000292 218
30.600000000000293 220
30.650000000000293 223
30.700000000000294 223
30.750000000000295 223
30.800000000000296 223
30.850000000000296 223
30.900000000000297 223
30.950000000000298 223
31.0000000000003 224
31.0500000000003 225
31.1000000000003 225
31.1500000000003 225
31.2000000000003 225
31.250000000000302 225
31.300000000000303 225
31.350000000000303 225
31.400000000000304 225
31.450000000000305 225
31.500000000000306 225
31.550000000000306 226
31.600000000000307 229
31.650000000000308 231
31.70000000000031 231
31.75000000000031 232
31.80000000000031 232
31.85000000000031 232
31.90000000000031 232
31.950000000000312 232
32.00000000000031 234
32.05000000000031 234
32.100000000000314 234
32.15000000000032 236
32.200000000000315 236
32.25000000000031 236
32.30000000000032 236
32.35000000000032 236
32.40000000000032 236
32.450000000000315 236
32.50000000000032 236
32.550000000000324 236
32.60000000000032 236
32.65000000000032 236
32.70000000000032 236
32.75000000000033 236
32.800000000000324 236
32.85000000000032 236
32.900000000000325 236
32.95000000000033 236
33.00000000000033 236
33.050000000000324 236
33.10000000000033 236
33.15000000000033 236
33.20000000000033 236
33.25000000000033 236
33.30000000000033 236
33.350000000000335 236
33.40000000000033 236
33.45000000000033 236
33.500000000000334 236
33.55000000000034 236
33.600000000000335 236
33.65000000000033 236
33.70000000000034 236
33.75000000000034 236
33.80000000000034 236
33.850000000000335 236
33.90000000000034 236
33.950000000000344 236
34.00000000000034 236
34.05000000000034 236
34.10000000000034 236
34.15000000000035 236
34.200000000000344 236
34.25000000000034 236
34.300000000000345 236
34.35000000000035 236
34.40000000000035 236
34.450000000000344 236
34.50000000000035 236
34.55000000000035 236
34.60000000000035 236
34.65000000000035 236
34.70000000000035 236
34.750000000000355 236
34.80000000000035 236
34.85000000000035 236
34.900000000000354 236
34.95000000000036 236
35.000000000000355 236
35.05000000000035 236
35.10000000000036 236
35.15000000000036 236
35.20000000000036 236
35.250000000000355 236
35.30000000000036 236
35.350000000000364 236
35.40000000000036 236
35.45000000000036 236
35.50000000000036 236
35.55000000000037 236
35.600000000000364 236
35.65000000000036 236
35.700000000000365 236
35.75000000000037 236
35.80000000000037 236
35.850000000000364 236
35.90000000000037 236
35.95000000000037 236
36.00000000000037 236
36.05000000000037 236
36.10000000000037 236
36.150000000000375 236
36.20000000000037 236
36.25000000000037 236
36.300000000000374 236
36.35000000000038 236
36.400000000000375 236
36.45000000000037 236
36.50000000000038 236
36.55000000000038 236
36.60000000000038 236
36.650000000000375 236
36.70000000000038 236
36.750000000000384 236
36.80000000000038 236
36.85000000000038 236
36.90000000000038 236
36.95000000000039 236
37.000000000000384 236
37.05000000000038 236
37.100000000000385 236
37.15000000000039 236
37.20000000000039 236
37.250000000000384 236
37.30000000000039 236
37.35000000000039 236
37.40000000000039 236
37.45000000000039 236
37.50000000000039 236
37.550000000000395 236
37.60000000000039 236
37.65000000000039 236
37.700000000000394 236
37.7500000000004 236
37.800000000000395 236
37.85000000000039 237
37.9000000000004 239
37.9500000000004 240
38.0000000000004 242
38.050000000000395 243
38.1000000000004 245
38.150000000000404 247
38.2000000000004 249
38.2500000000004 249
38.3000000000004 249
38.350000000000406 249
38.400000000000404 251
38.4500000000004 253
38.500000000000405 254
38.55000000000041 256
38.600000000000406 259
38.650000000000404 261
38.70000000000041 263
38.75000000000041 265
38.80000000000041 267
38.850000000000406 269
38.90000000000041 271
38.950000000000415 273
39.00000000000041 275
39.05000000000041 277
39.10000000000041 279
39.15000000000042 278
39.200000000000415 273
39.25000000000041 270
39.300000000000416 267
39.35000000000042 264
39.40000000000042 261
39.450000000000415 257
39.50000000000042 254
39.55000000000042 251
39.60000000000042 247
39.65000000000042 244
39.70000000000042 241
39.750000000000426 238
39.80000000000042 235
39.85000000000042 230
39.900000000000425 227
39.95000000000043 224
40.000000000000426 223
40.05000000000042 223
40.10000000000043 223
40.15000000000043 223
40.20000000000043 223
40.250000000000426 223
40.30000000000043 221
40.350000000000435 220
40.40000000000043 220
40.45000000000043 220
40.50000000000043 220
40.55000000000044 220
40.600000000000435 220
40.65000000000043 220
40.700000000000436 220
40.75000000000044 220
40.80000000000044 220
40.850000000000435 216
40.90000000000044 213
40.95000000000044 210
41.00000000000044 208
41.05000000000044 208
41.10000000000044 206
41.150000000000446 206
41.20000000000044 206
41.25000000000044 206
41.300000000000445 206
41.35000000000045 204
41.400000000000446 204
41.45000000000044 200
41.50000000000045 200
41.55000000000045 200
41.60000000000045 200
41.650000000000446 200
41.70000000000045 200
41.750000000000455 200
41.80000000000045 200
41.85000000000045 200
41.90000000000045 200
41.95000000000046 200
42.000000000000455 200
42.05000000000045 200
42.100000000000456 200
42.15000000000046 200
42.20000000000046 200
42.250000000000455 200
42.30000000000046 200
42.35000000000046 200
42.40000000000046 200
42.45000000000046 200
42.50000000000046 200
42.550000000000466 200
42.60000000000046 200
42.65000000000046 200
42.700000000000465 200
42.75000000000047 200
42.800000000000466 200
42.85000000000046 200
42.90000000000047 200
42.95000000000047 200
43.00000000000047 200
43.050000000000466 200
43.10000000000047 200
43.150000000000475 200
43.20000000000047 200
43.25000000000047 200
43.30000000000047 200
43.35000000000048 200
43.400000000000475 200
43.45000000000047 200
43.500000000000476 200
43.55000000000048 200
43.60000000000048 200
43.650000000000475 200
43.70000000000048 200
43.75000000000048 200
43.80000000000048 200
43.85000000000048 200
43.90000000000048 200
43.950000000000486 200
44.00000000000048 200
44.05000000000048 200
44.100000000000485 200
44.15000000000049 200
44.200000000000486 200
44.25000000000048 200
44.30000000000049 200
44.35000000000049 200
44.40000000000049 200
44.450000000000486 200
44.50000000000049 200
44.550000000000495 200
44.60000000000049 200
44.65000000000049 200
44.70000000000049 200
44.7500000000005 200
44.800000000000495 200
44.85000000000049 200
44.900000000000496 200
44.9500000000005 200
45.0000000000005 200
45.050000000000495 200
45.1000000000005 200
45.1500000000005 200
45.2000000000005 200
45.2500000000005 200
45.3000000000005 200
45.350000000000506 200
45.4000000000005 200
45.4500000000005 200
45.500000000000504 200
45.55000000000051 200
45.600000000000506 200
45.6500000000005 200
45.70000000000051 200
45.75000000000051 200
45.80000000000051 200
45.850000000000506 200
45.90000000000051 200
45.950000000000514 200
46.00000000000051 200
46.05000000000051 200
46.10000000000051 200
46.15000000000052 200
46.200000000000514 200
46.25000000000051 200
46.300000000000516 200
46.35000000000052 200
46.40000000000052 200
46.450000000000514 200
46.50000000000052 200
46.55000000000052 200
46.60000000000052 200
46.65000000000052 200
46.70000000000052 200
46.750000000000526 200
46.80000000000052 200
46.85000000000052 200
46.900000000000524 200
46.95000000000053 200
47.000000000000526 200
47.05000000000052 200
47.10000000000053 200
47.15000000000053 199
47.20000000000053 196
47.250000000000526 194
47.30000000000053 194
47.350000000000534 192
47.40000000000053 191
47.45000000000053 189
47.50000000000053 186
47.55000000000054 185
47.600000000000534 185
47.65000000000053 185
47.700000000000536 185
47.75000000000054 183
47.80000000000054 181
47.850000000000534 180
47.90000000000054 178
47.95000000000054 175
48.00000000000054 173
48.05000000000054 171
48.10000000000054 169
48.150000000000546 167
48.20000000000054 165
48.25000000000054 163
48.300000000000544 161
48.35000000000055 159
48.400000000000546 157
48.45000000000054 185
48.50000000000055 188
48.55000000000055 191
48.60000000000055 195
48.650000000000546 196
48.70000000000055 196
48.750000000000554 196
48.80000000000055 196
48.85000000000055 196
48.90000000000055 196
48.95000000000056 196
49.000000000000554 196
49.05000000000055 196
49.100000000000556 196
49.15000000000056 196
49.20000000000056 196
49.250000000000554 196
49.30000000000056 196
49.35000000000056 196
49.40000000000056 196
49.45000000000056 196
49.50000000000056 196
49.550000000000566 196
49.60000000000056 196
49.65000000000056 196
49.700000000000564 196
49.75000000000057 196
49.800000000000566 196
49.85000000000056 196
49.90000000000057 196
49.95000000000057 196
