10.70000000000001 10
10.75000000000001 10
10.800000000000011 10
10.850000000000012 10
10.900000000000013 10
10.950000000000014 10
11.000000000000014 10
11.050000000000015 10
11.100000000000016 10
11.150000000000016 11
11.200000000000017 12
11.250000000000018 14
11.300000000000018 15
11.35000000000002 17
11.40000000000002 19
11.45000000000002 20
11.500000000000021 20
11.550000000000022 20
11.600000000000023 20
11.650000000000023 20
11.700000000000024 20
11.750000000000025 20
11.800000000000026 20
11.850000000000026 20
11.900000000000027 20
11.950000000000028 20
12.000000000000028 22
12.05000000000003 23
12.10000000000003 24
12.15000000000003 26
12.200000000000031 29
12.250000000000032 30
12.300000000000033 30
12.350000000000033 30
12.400000000000034 30
12.450000000000035 30
12.500000000000036 30
12.550000000000036 30
12.600000000000037 30
12.650000000000038 30
12.700000000000038 30
12.750000000000039 30
12.80000000000004 30
12.85000000000004 30
12.900000000000041 30
12.950000000000042 30
13.000000000000043 30
13.050000000000043 30
13.100000000000044 30
13.150000000000045 30
13.200000000000045 30
13.250000000000046 30
13.300000000000047 30
13.350000000000048 30
13.400000000000048 30
13.450000000000049 30
13.50000000000005 30
13.55000000000005 31
13.600000000000051 31
13.650000000000052 31
13.700000000000053 31
13.750000000000053 31
13.800000000000054 31
13.850000000000055 31
13.900000000000055 31
13.950000000000056 32
14.000000000000057 32
14.050000000000058 32
14.100000000000058 32
14.150000000000059 32
14.20000000000006 32
14.25000000000006 32
14.300000000000061 32
14.350000000000062 32
14.400000000000063 32
14.450000000000063 32
14.500000000000064 32
14.550000000000065 32
14.600000000000065 32
14.650000000000066 32
14.700000000000067 32
14.750000000000068 32
14.800000000000068 32
14.850000000000069 32
14.90000000000007 32
14.95000000000007 33
15.000000000000071 33
15.050000000000072 34
15.100000000000072 34
15.150000000000073 34
15.200000000000074 35
15.250000000000075 35
15.300000000000075 36
15.350000000000076 36
15.400000000000077 38
15.450000000000077 38
15.500000000000078 39
15.550000000000079 39
15.60000000000008 39
15.65000000000008 40
15.700000000000081 41
15.750000000000082 41
15.800000000000082 42
15.850000000000083 42
15.900000000000084 42
15.950000000000085 42
16.000000000000085 42
16.050000000000086 42
16.100000000000087 42
16.150000000000087 42
16.200000000000088 42
16.25000000000009 42
16.30000000000009 42
16.35000000000009 42
16.40000000000009 42
16.45000000000009 42
16.500000000000092 42
16.550000000000093 42
16.600000000000094 42
16.650000000000095 42
16.700000000000095 42
16.750000000000096 42
16.800000000000097 42
16.850000000000097 42
16.900000000000098 42
16.9500000000001 42
17.0000000000001 43
17.0500000000001 44
17.1000000000001 44
17.1500000000001 46
17.200000000000102 46
17.250000000000103 47
17.300000000000104 48
17.350000000000104 48
17.400000000000105 48
17.450000000000106 50
17.500000000000107 51
17.550000000000107 52
17.600000000000108 53
17.65000000000011 54
17.70000000000011 56
17.75000000000011 57
17.80000000000011 57
17.85000000000011 58
17.900000000000112 59
17.950000000000113 59
18.000000000000114 60
18.050000000000114 61
18.100000000000115 62
18.150000000000116 63
18.200000000000117 63
18.250000000000117 64
18.300000000000118 64
18.35000000000012 64
18.40000000000012 64
18.45000000000012 64
18.50000000000012 64
18.55000000000012 64
18.600000000000122 64
18.650000000000123 64
18.700000000000124 64
18.750000000000124 64
18.800000000000125 64
18.850000000000126 64
18.900000000000126 64
18.950000000000127 64
19.000000000000128 64
19.05000000000013 64
19.10000000000013 64
19.15000000000013 64
19.20000000000013 64
19.25000000000013 64
19.300000000000132 64
19.350000000000133 64
19.400000000000134 64
19.450000000000134 64
19.500000000000135 64
19.550000000000136 64
19.600000000000136 64
19.650000000000137 64
19.700000000000138 64
19.75000000000014 64
19.80000000000014 64
19.85000000000014 64
19.90000000000014 66
19.95000000000014 66
20.000000000000142 66
20.050000000000143 66
20.100000000000144 69
20.150000000000144 69
20.200000000000145 69
20.250000000000146 71
20.300000000000146 71
20.350000000000147 72
20.400000000000148 72
20.45000000000015 72
20.50000000000015 73
20.55000000000015 74
20.60000000000015 76
20.65000000000015 76
20.700000000000152 78
20.750000000000153 80
20.800000000000153 81
20.850000000000154 81
20.900000000000155 83
20.950000000000156 84
21.000000000000156 85
21.050000000000157 85
21.100000000000158 85
21.15000000000016 86
21.20000000000016 87
21.25000000000016 88
21.30000000000016 89
21.35000000000016 90
21.400000000000162 91
21.450000000000163 92
21.500000000000163 94
21.550000000000164 95
21.600000000000165 95
21.650000000000166 95
21.700000000000166 95
21.750000000000167 96
21.800000000000168 96
21.85000000000017 96
21.90000000000017 96
21.95000000000017 96
22.00000000000017 96
22.05000000000017 96
22.100000000000172 96
22.150000000000173 96
22.200000000000173 96
22.250000000000174 96
22.300000000000175 96
22.350000000000176 96
22.400000000000176 96
22.450000000000177 96
22.500000000000178 96
22.55000000000018 96
22.60000000000018 96
22.65000000000018 96
22.70000000000018 96
22.75000000000018 96
22.800000000000182 96
22.850000000000183 96
22.900000000000183 96
22.950000000000184 96
23.000000000000185 96
23.050000000000185 96
23.100000000000186 96
23.150000000000187 96
23.200000000000188 96
23.25000000000019 96
23.30000000000019 96
23.35000000000019 96
23.40000000000019 96
23.45000000000019 96
23.500000000000192 96
23.550000000000193 96
23.600000000000193 96
23.650000000000194 96
23.700000000000195 96
23.750000000000195 96
23.800000000000196 96
23.850000000000197 96
23.900000000000198 96
23.9500000000002 96
24.0000000000002 96
24.0500000000002 96
24.1000000000002 96
24.1500000000002 96
24.200000000000202 97
24.250000000000203 99
24.300000000000203 99
24.350000000000204 99
24.400000000000205 99
24.450000000000205 100
24.500000000000206 102
24.550000000000207 103
24.600000000000207 103
24.650000000000208 103
24.70000000000021 104
24.75000000000021 106
24.80000000000021 106
24.85000000000021 106
24.90000000000021 108
24.950000000000212 108
25.000000000000213 108
25.050000000000214 108
25.100000000000215 109
25.150000000000215 110
25.200000000000216 112
25.250000000000217 114
25.300000000000217 114
25.350000000000218 114
25.40000000000022 116
25.45000000000022 118
25.50000000000022 120
25.55000000000022 120
25.60000000000022 121
25.650000000000222 122
25.700000000000223 124
25.750000000000224 126
25.800000000000225 126
25.850000000000225 128
25.900000000000226 128
25.950000000000227 128
26.000000000000227 128
26.050000000000228 129
26.10000000000023 130
26.15000000000023 130
26.20000000000023 130
26.25000000000023 132
26.30000000000023 133
26.350000000000232 134
26.400000000000233 135
26.450000000000234 135
26.500000000000234 137
26.550000000000235 138
26.600000000000236 139
26.650000000000237 141
26.700000000000237 142
26.750000000000238 142
26.80000000000024 142
26.85000000000024 142
26.90000000000024 142
26.95000000000024 142
27.00000000000024 143
27.050000000000242 144
27.100000000000243 144
27.150000000000244 144
27.200000000000244 144
27.250000000000245 144
27.300000000000246 144
27.350000000000247 144
27.400000000000247 144
27.450000000000248 144
27.50000000000025 144
27.55000000000025 144
27.60000000000025 144
27.65000000000025 144
27.70000000000025 144
27.750000000000252 144
27.800000000000253 144
27.850000000000254 144
27.900000000000254 144
27.950000000000255 144
28.000000000000256 144
28.050000000000257 144
28.100000000000257 144
28.150000000000258 144
28.20000000000026 144
28.25000000000026 144
28.30000000000026 144
28.35000000000026 144
28.40000000000026 144
28.450000000000262 144
28.500000000000263 144
28.550000000000264 144
28.600000000000264 144
28.650000000000265 144
28.700000000000266 144
28.750000000000266 144
28.800000000000267 144
28.850000000000268 144
28.90000000000027 144
28.95000000000027 144
29.00000000000027 144
29.05000000000027 144
29.10000000000027 144
29.150000000000272 144
29.200000000000273 144
29.250000000000274 144
29.300000000000274 144
29.350000000000275 144
29.400000000000276 144
29.450000000000276 144
29.500000000000277 144
29.550000000000278 144
29.60000000000028 144
29.65000000000028 144
29.70000000000028 144
29.75000000000028 144
29.80000000000028 144
29.850000000000282 144
29.900000000000283 144
29.950000000000284 144
30.000000000000284 144
30.050000000000285 144
30.100000000000286 144
30.150000000000286 144
30.200000000000287 144
30.250000000000288 144
30.30000000000029 144
30.35000000000029 144
30.40000000000029 144
30.45000000000029 144
30.50000000000029 144
30.550000000000292 144
30.600000000000293 144
30.650000000000293 144
30.700000000000294 145
30.750000000000295 147
30.800000000000296 149
30.850000000000296 149
30.900000000000297 149
30.950000000000298 149
31.0000000000003 149
31.0500000000003 149
31.1000000000003 150
31.1500000000003 152
31.2000000000003 154
31.250000000000302 155
31.300000000000303 155
31.350000000000303 155
31.400000000000304 155
31.450000000000305 156
31.500000000000306 158
31.550000000000306 159
31.600000000000307 159
31.650000000000308 159
31.70000000000031 161
31.75000000000031 162
31.80000000000031 162
31.85000000000031 162
31.90000000000031 162
31.950000000000312 162
32.00000000000031 162
32.05000000000031 164
32.100000000000314 165
32.15000000000032 165
32.200000000000315 167
32.25000000000031 169
32.30000000000032 171
32.35000000000032 171
32.40000000000032 171
32.450000000000315 172
32.50000000000032 173
32.550000000000324 175
32.60000000000032 177
32.65000000000032 180
32.70000000000032 180
32.75000000000033 181
32.800000000000324 182
32.85000000000032 182
32.900000000000325 183
32.95000000000033 185
33.00000000000033 187
33.050000000000324 189
33.10000000000033 189
33.15000000000033 191
33.20000000000033 192
33.25000000000033 192
33.30000000000033 192
33.350000000000335 192
33.40000000000033 192
33.45000000000033 192
33.500000000000334 193
33.55000000000034 194
33.600000000000335 195
33.65000000000033 195
33.70000000000034 195
33.75000000000034 195
33.80000000000034 197
33.850000000000335 198
33.90000000000034 200
33.950000000000344 201
34.00000000000034 203
34.05000000000034 203
34.10000000000034 203
34.15000000000035 205
34.200000000000344 205
34.25000000000034 206
34.300000000000345 208
34.35000000000035 209
34.40000000000035 211
34.450000000000344 212
34.50000000000035 213
34.55000000000035 213
34.60000000000035 213
34.65000000000035 213
34.70000000000035 213
34.750000000000355 213
34.80000000000035 213
34.85000000000035 214
34.900000000000354 215
34.95000000000036 216
35.000000000000355 216
35.05000000000035 216
35.10000000000036 216
35.15000000000036 216
35.20000000000036 216
35.250000000000355 216
35.30000000000036 216
35.350000000000364 216
35.40000000000036 216
35.45000000000036 216
35.50000000000036 216
35.55000000000037 216
35.600000000000364 216
35.65000000000036 216
35.700000000000365 216
35.75000000000037 216
35.80000000000037 216
35.850000000000364 216
35.90000000000037 216
35.95000000000037 216
36.00000000000037 216
36.05000000000037 216
36.10000000000037 216
36.150000000000375 216
36.20000000000037 216
36.25000000000037 216
36.300000000000374 216
36.35000000000038 216
36.400000000000375 216
36.45000000000037 216
36.50000000000038 216
36.55000000000038 216
36.60000000000038 216
36.650000000000375 216
36.70000000000038 216
36.750000000000384 216
36.80000000000038 216
36.85000000000038 216
36.90000000000038 216
36.95000000000039 216
37.000000000000384 216
37.05000000000038 216
37.100000000000385 216
37.15000000000039 216
37.20000000000039 216
37.250000000000384 216
37.30000000000039 216
37.35000000000039 216
37.40000000000039 216
37.45000000000039 216
37.50000000000039 216
37.550000000000395 216
37.60000000000039 216
37.65000000000039 216
37.700000000000394 216
37.7500000000004 216
37.800000000000395 216
37.85000000000039 216
37.9000000000004 216
37.9500000000004 216
38.0000000000004 216
38.050000000000395 216
38.1000000000004 216
38.150000000000404 216
38.2000000000004 216
38.2500000000004 216
38.3000000000004 216
38.350000000000406 216
38.400000000000404 216
38.4500000000004 216
38.500000000000405 216
38.55000000000041 216
38.600000000000406 216
38.650000000000404 216
38.70000000000041 216
38.75000000000041 216
38.80000000000041 216
38.850000000000406 216
38.90000000000041 216
38.950000000000415 216
39.00000000000041 216
39.05000000000041 216
39.10000000000041 216
39.15000000000042 216
39.200000000000415 216
39.25000000000041 216
39.300000000000416 216
39.35000000000042 216
39.40000000000042 216
39.450000000000415 216
39.50000000000042 216
39.55000000000042 216
39.60000000000042 216
39.65000000000042 216
39.70000000000042 216
39.750000000000426 216
39.80000000000042 216
39.85000000000042 216
39.900000000000425 216
39.95000000000043 216
40.000000000000426 217
40.05000000000042 218
40.10000000000043 214
40.15000000000043 214
40.20000000000043 214
40.250000000000426 214
40.30000000000043 214
40.350000000000435 214
40.40000000000043 213
40.45000000000043 209
40.50000000000043 206
40.55000000000044 205
40.600000000000435 205
40.65000000000043 205
40.700000000000436 205
40.75000000000044 202
40.80000000000044 199
40.850000000000435 198
40.90000000000044 198
40.95000000000044 198
41.00000000000044 196
41.05000000000044 194
41.10000000000044 194
41.150000000000446 193
41.20000000000044 193
41.25000000000044 193
41.300000000000445 193
41.35000000000045 191
41.400000000000446 189
41.45000000000044 189
41.50000000000045 186
41.55000000000045 183
41.60000000000045 180
41.650000000000446 178
41.70000000000045 178
41.750000000000455 178
41.80000000000045 176
41.85000000000045 174
41.90000000000045 171
41.95000000000046 168
42.000000000000455 166
42.05000000000045 152
42.100000000000456 151
42.15000000000046 151
42.20000000000046 147
42.250000000000455 145
42.30000000000046 141
42.35000000000046 136
42.40000000000046 136
42.45000000000046 132
42.50000000000046 132
42.550000000000466 130
42.60000000000046 130
42.65000000000046 130
42.700000000000465 130
42.75000000000047 130
42.800000000000466 128
42.85000000000046 127
42.90000000000047 124
42.95000000000047 124
43.00000000000047 124
43.050000000000466 124
43.10000000000047 120
43.150000000000475 119
43.20000000000047 118
43.25000000000047 113
43.30000000000047 110
43.35000000000048 110
43.400000000000475 110
43.45000000000047 106
43.500000000000476 105
43.55000000000048 102
43.60000000000048 101
43.650000000000475 97
43.70000000000048 96
43.75000000000048 92
43.80000000000048 90
43.85000000000048 90
43.90000000000048 90
43.950000000000486 90
44.00000000000048 90
44.05000000000048 90
44.100000000000485 90
44.15000000000049 88
44.200000000000486 87
44.25000000000048 84
44.30000000000049 83
44.35000000000049 83
44.40000000000049 83
44.450000000000486 83
44.50000000000049 83
44.550000000000495 83
44.60000000000049 83
44.65000000000049 83
44.70000000000049 83
44.7500000000005 83
44.800000000000495 83
44.85000000000049 83
44.900000000000496 83
44.9500000000005 83
45.0000000000005 83
45.050000000000495 83
45.1000000000005 83
45.1500000000005 83
45.2000000000005 83
45.2500000000005 83
45.3000000000005 83
45.350000000000506 83
45.4000000000005 83
45.4500000000005 83
45.500000000000504 83
45.55000000000051 83
45.600000000000506 83
45.6500000000005 83
45.70000000000051 83
45.75000000000051 83
45.80000000000051 83
45.850000000000506 83
45.90000000000051 83
45.950000000000514 83
46.00000000000051 83
46.05000000000051 83
46.10000000000051 83
46.15000000000052 83
46.200000000000514 83
46.25000000000051 83
46.300000000000516 83
46.35000000000052 83
46.40000000000052 83
46.450000000000514 83
46.50000000000052 83
46.55000000000052 83
46.60000000000052 83
46.65000000000052 83
46.70000000000052 83
46.750000000000526 83
46.80000000000052 83
46.85000000000052 83
46.900000000000524 83
46.95000000000053 83
47.000000000000526 83
47.05000000000052 83
47.10000000000053 83
47.15000000000053 83
47.20000000000053 83
47.250000000000526 83
47.30000000000053 83
47.350000000000534 83
47.40000000000053 83
47.45000000000053 83
47.50000000000053 83
47.55000000000054 83
47.600000000000534 83
47.65000000000053 83
47.700000000000536 83
47.75000000000054 83
47.80000000000054 83
47.850000000000534 83
47.90000000000054 83
47.95000000000054 83
48.00000000000054 83
48.05000000000054 83
48.10000000000054 83
48.150000000000546 83
48.20000000000054 83
48.25000000000054 83
48.300000000000544 83
48.35000000000055 83
48.400000000000546 83
48.45000000000054 83
48.50000000000055 83
48.55000000000055 83
48.60000000000055 83
48.650000000000546 83
48.70000000000055 83
48.750000000000554 83
48.80000000000055 83
48.85000000000055 83
48.90000000000055 83
48.95000000000056 83
49.000000000000554 83
49.05000000000055 81
49.100000000000556 77
49.15000000000056 151
49.20000000000056 151
49.250000000000554 151
49.30000000000056 151
49.35000000000056 151
49.40000000000056 151
49.45000000000056 151
49.50000000000056 152
49.550000000000566 152
49.60000000000056 152
49.65000000000056 152
49.700000000000564 152
49.75000000000057 152
49.800000000000566 152
49.85000000000056 152
49.90000000000057 152
49.95000000000057 152
