10.600000000000009 10
10.65000000000001 10
10.70000000000001 10
10.75000000000001 10
10.800000000000011 10
10.850000000000012 13
10.900000000000013 17
10.950000000000014 20
11.000000000000014 20
11.050000000000015 20
11.100000000000016 20
11.150000000000016 20
11.200000000000017 20
11.250000000000018 20
11.300000000000018 21
11.35000000000002 22
11.40000000000002 22
11.45000000000002 25
11.500000000000021 29
11.550000000000022 29
11.600000000000023 29
11.650000000000023 29
11.700000000000024 29
11.750000000000025 29
11.800000000000026 29
11.850000000000026 29
11.900000000000027 29
11.950000000000028 29
12.000000000000028 29
12.05000000000003 29
12.10000000000003 29
12.15000000000003 29
12.200000000000031 29
12.250000000000032 29
12.300000000000033 29
12.350000000000033 29
12.400000000000034 29
12.450000000000035 29
12.500000000000036 29
12.550000000000036 29
12.600000000000037 29
12.650000000000038 29
12.700000000000038 30
12.750000000000039 30
12.80000000000004 30
12.85000000000004 30
12.900000000000041 31
12.950000000000042 31
13.000000000000043 31
13.050000000000043 31
13.100000000000044 31
13.150000000000045 31
13.200000000000045 31
13.250000000000046 31
13.300000000000047 31
13.350000000000048 31
13.400000000000048 31
13.450000000000049 31
13.50000000000005 31
13.55000000000005 31
13.600000000000051 31
13.650000000000052 31
13.700000000000053 31
13.750000000000053 31
13.800000000000054 31
13.850000000000055 31
13.900000000000055 31
13.950000000000056 31
14.000000000000057 31
14.050000000000058 31
14.100000000000058 32
14.150000000000059 32
14.20000000000006 32
14.25000000000006 32
14.300000000000061 32
14.350000000000062 33
14.400000000000063 34
14.450000000000063 34
14.500000000000064 35
14.550000000000065 36
14.600000000000065 36
14.650000000000066 37
14.700000000000067 37
14.750000000000068 37
14.800000000000068 37
14.850000000000069 37
14.90000000000007 37
14.95000000000007 37
15.000000000000071 37
15.050000000000072 37
15.100000000000072 37
15.150000000000073 37
15.200000000000074 37
15.250000000000075 37
15.300000000000075 37
15.350000000000076 37
15.400000000000077 37
15.450000000000077 37
15.500000000000078 37
15.550000000000079 38
15.60000000000008 39
15.65000000000008 39
15.700000000000081 39
15.750000000000082 39
15.800000000000082 39
15.850000000000083 40
15.900000000000084 40
15.950000000000085 41
16.000000000000085 41
16.050000000000086 41
16.100000000000087 41
16.150000000000087 41
16.200000000000088 41
16.25000000000009 43
16.30000000000009 45
16.35000000000009 47
16.40000000000009 49
16.45000000000009 52
16.500000000000092 54
16.550000000000093 54
16.600000000000094 55
16.650000000000095 55
16.700000000000095 55
16.750000000000096 55
16.800000000000097 55
16.850000000000097 55
16.900000000000098 55
16.9500000000001 55
17.0000000000001 55
17.0500000000001 55
17.1000000000001 55
17.1500000000001 55
17.200000000000102 55
17.250000000000103 55
17.300000000000104 55
17.350000000000104 55
17.400000000000105 55
17.450000000000106 55
17.500000000000107 55
17.550000000000107 55
17.600000000000108 55
17.65000000000011 55
17.70000000000011 55
17.75000000000011 55
17.80000000000011 57
17.85000000000011 57
17.900000000000112 58
17.950000000000113 58
18.000000000000114 58
18.050000000000114 58
18.100000000000115 58
18.150000000000116 60
18.200000000000117 60
18.250000000000117 60
18.300000000000118 60
18.35000000000012 61
18.40000000000012 61
18.45000000000012 62
18.50000000000012 62
18.55000000000012 62
18.600000000000122 62
18.650000000000123 62
18.700000000000124 63
18.750000000000124 66
18.800000000000125 68
18.850000000000126 70
18.900000000000126 72
18.950000000000127 74
19.000000000000128 76
19.05000000000013 78
19.10000000000013 80
19.15000000000013 81
19.20000000000013 81
19.25000000000013 83
19.300000000000132 83
19.350000000000133 83
19.400000000000134 83
19.450000000000134 83
19.500000000000135 83
19.550000000000136 83
19.600000000000136 83
19.650000000000137 83
19.700000000000138 83
19.75000000000014 83
19.80000000000014 83
19.85000000000014 83
19.90000000000014 83
19.95000000000014 83
20.000000000000142 83
20.050000000000143 83
20.100000000000144 83
20.150000000000144 83
20.200000000000145 83
20.250000000000146 83
20.300000000000146 83
20.350000000000147 83
20.400000000000148 83
20.45000000000015 83
20.50000000000015 83
20.55000000000015 83
20.60000000000015 83
20.65000000000015 83
20.700000000000152 83
20.750000000000153 83
20.800000000000153 83
20.850000000000154 83
20.900000000000155 83
20.950000000000156 83
21.000000000000156 83
21.050000000000157 85
21.100000000000158 85
21.15000000000016 85
21.20000000000016 87
21.25000000000016 87
21.30000000000016 87
21.35000000000016 87
21.400000000000162 87
21.450000000000163 87
21.500000000000163 87
21.550000000000164 87
21.600000000000165 90
21.650000000000166 90
21.700000000000166 90
21.750000000000167 90
21.800000000000168 90
21.85000000000017 91
21.90000000000017 92
21.95000000000017 92
22.00000000000017 93
22.05000000000017 93
22.100000000000172 93
22.150000000000173 93
22.200000000000173 93
22.250000000000174 93
22.300000000000175 93
22.350000000000176 93
22.400000000000176 94
22.450000000000177 96
22.500000000000178 98
22.55000000000018 100
22.60000000000018 102
22.65000000000018 105
22.70000000000018 107
22.75000000000018 109
22.800000000000182 111
22.850000000000183 113
22.900000000000183 115
22.950000000000184 117
23.000000000000185 119
23.050000000000185 120
23.100000000000186 121
23.150000000000187 121
23.200000000000188 122
23.25000000000019 123
23.30000000000019 124
23.35000000000019 124
23.40000000000019 124
23.45000000000019 124
23.500000000000192 124
23.550000000000193 124
23.600000000000193 124
23.650000000000194 124
23.700000000000195 124
23.750000000000195 124
23.800000000000196 124
23.850000000000197 124
23.900000000000198 124
23.9500000000002 124
24.0000000000002 124
24.0500000000002 124
24.1000000000002 124
24.1500000000002 124
24.200000000000202 124
24.250000000000203 124
24.300000000000203 124
24.350000000000204 124
24.400000000000205 124
24.450000000000205 124
24.500000000000206 124
24.550000000000207 124
24.600000000000207 124
24.650000000000208 124
24.70000000000021 124
24.75000000000021 124
24.80000000000021 124
24.85000000000021 124
24.90000000000021 124
24.950000000000212 124
25.000000000000213 124
25.050000000000214 124
25.100000000000215 124
25.150000000000215 124
25.200000000000216 124
25.250000000000217 124
25.300000000000217 124
25.350000000000218 124
25.40000000000022 124
25.45000000000022 124
25.50000000000022 124
25.55000000000022 124
25.60000000000022 124
25.650000000000222 124
25.700000000000223 124
25.750000000000224 124
25.800000000000225 124
25.850000000000225 124
25.900000000000226 124
25.950000000000227 126
26.000000000000227 128
26.050000000000228 128
26.10000000000023 128
26.15000000000023 129
26.20000000000023 131
26.25000000000023 131
26.30000000000023 131
26.350000000000232 131
26.400000000000233 131
26.450000000000234 131
26.500000000000234 131
26.550000000000235 131
26.600000000000236 131
26.650000000000237 131
26.700000000000237 131
26.750000000000238 132
26.80000000000024 134
26.85000000000024 135
26.90000000000024 135
26.95000000000024 135
27.00000000000024 135
27.050000000000242 135
27.100000000000243 135
27.150000000000244 135
27.200000000000244 137
27.250000000000245 138
27.300000000000246 138
27.350000000000247 138
27.400000000000247 139
27.450000000000248 139
27.50000000000025 139
27.55000000000025 139
27.60000000000025 139
27.65000000000025 139
27.70000000000025 139
27.750000000000252 139
27.800000000000253 139
27.850000000000254 139
27.900000000000254 139
27.950000000000255 140
28.000000000000256 141
28.050000000000257 143
28.100000000000257 145
28.150000000000258 147
28.20000000000026 149
28.25000000000026 151
28.30000000000026 153
28.35000000000026 155
28.40000000000026 157
28.450000000000262 159
28.500000000000263 161
28.550000000000264 163
28.600000000000264 165
28.650000000000265 167
28.700000000000266 170
28.750000000000266 172
28.800000000000267 174
28.850000000000268 176
28.90000000000027 178
28.95000000000027 180
29.00000000000027 180
29.05000000000027 181
29.10000000000027 182
29.150000000000272 182
29.200000000000273 182
29.250000000000274 184
29.300000000000274 186
29.350000000000275 186
29.400000000000276 186
29.450000000000276 186
29.500000000000277 186
29.550000000000278 186
29.60000000000028 186
29.65000000000028 186
29.70000000000028 186
29.75000000000028 186
29.80000000000028 186
29.850000000000282 186
29.900000000000283 186
29.950000000000284 186
30.000000000000284 186
30.050000000000285 186
30.100000000000286 186
30.150000000000286 186
30.200000000000287 186
30.250000000000288 186
30.30000000000029 186
30.35000000000029 186
30.40000000000029 186
30.45000000000029 186
30.50000000000029 186
30.550000000000292 186
30.600000000000293 186
30.650000000000293 186
30.700000000000294 186
30.750000000000295 186
30.800000000000296 186
30.850000000000296 186
30.900000000000297 186
30.950000000000298 186
31.0000000000003 186
31.0500000000003 186
31.1000000000003 186
31.1500000000003 186
31.2000000000003 186
31.250000000000302 186
31.300000000000303 186
31.350000000000303 186
31.400000000000304 186
31.450000000000305 186
31.500000000000306 186
31.550000000000306 186
31.600000000000307 186
31.650000000000308 186
31.70000000000031 186
31.75000000000031 186
31.80000000000031 186
31.85000000000031 186
31.90000000000031 186
31.950000000000312 186
32.00000000000031 186
32.05000000000031 186
32.100000000000314 186
32.15000000000032 186
32.200000000000315 186
32.25000000000031 186
32.30000000000032 186
32.35000000000032 186
32.40000000000032 186
32.450000000000315 186
32.50000000000032 186
32.550000000000324 186
32.60000000000032 186
32.65000000000032 186
32.70000000000032 186
32.75000000000033 186
32.800000000000324 186
32.85000000000032 186
32.900000000000325 186
32.95000000000033 186
33.00000000000033 186
33.050000000000324 186
33.10000000000033 186
33.15000000000033 186
33.20000000000033 186
33.25000000000033 186
33.30000000000033 188
33.350000000000335 190
33.40000000000033 192
33.45000000000033 192
33.500000000000334 192
33.55000000000034 192
33.600000000000335 192
33.65000000000033 194
33.70000000000034 195
33.75000000000034 196
33.80000000000034 196
33.850000000000335 196
33.90000000000034 196
33.950000000000344 196
34.00000000000034 196
34.05000000000034 196
34.10000000000034 196
34.15000000000035 196
34.200000000000344 196
34.25000000000034 196
34.300000000000345 196
34.35000000000035 196
34.40000000000035 196
34.450000000000344 196
34.50000000000035 198
34.55000000000035 199
34.60000000000035 201
34.65000000000035 202
34.70000000000035 203
34.750000000000355 203
34.80000000000035 203
34.85000000000035 203
34.900000000000354 203
34.95000000000036 203
35.000000000000355 203
35.05000000000035 203
35.10000000000036 203
35.15000000000036 203
35.20000000000036 206
35.250000000000355 207
35.30000000000036 207
35.350000000000364 207
35.40000000000036 207
35.45000000000036 207
35.50000000000036 208
35.55000000000037 209
35.600000000000364 209
35.65000000000036 209
35.700000000000365 209
35.75000000000037 209
35.80000000000037 209
35.850000000000364 209
35.90000000000037 209
35.95000000000037 209
36.00000000000037 209
36.05000000000037 209
36.10000000000037 209
36.150000000000375 209
36.20000000000037 209
36.25000000000037 209
36.300000000000374 209
36.35000000000038 211
36.400000000000375 212
36.45000000000037 213
36.50000000000038 215
36.55000000000038 217
36.60000000000038 219
36.650000000000375 221
36.70000000000038 223
36.750000000000384 226
36.80000000000038 228
36.85000000000038 230
36.90000000000038 232
36.95000000000039 234
37.000000000000384 236
37.05000000000038 238
37.100000000000385 240
37.15000000000039 242
37.20000000000039 244
37.250000000000384 246
37.30000000000039 248
37.35000000000039 251
37.40000000000039 253
37.45000000000039 255
37.50000000000039 257
37.550000000000395 259
37.60000000000039 261
37.65000000000039 263
37.700000000000394 265
37.7500000000004 267
37.800000000000395 269
37.85000000000039 270
37.9000000000004 270
37.9500000000004 271
38.0000000000004 271
38.050000000000395 273
38.1000000000004 273
38.150000000000404 273
38.2000000000004 273
38.2500000000004 274
38.3000000000004 277
38.350000000000406 279
38.400000000000404 279
38.4500000000004 279
38.500000000000405 279
38.55000000000041 279
38.600000000000406 279
38.650000000000404 279
38.70000000000041 279
38.75000000000041 279
38.80000000000041 279
38.850000000000406 279
38.90000000000041 279
38.950000000000415 279
39.00000000000041 279
39.05000000000041 279
39.10000000000041 279
39.15000000000042 279
39.200000000000415 279
39.25000000000041 279
39.300000000000416 279
39.35000000000042 279
39.40000000000042 279
39.450000000000415 279
39.50000000000042 279
39.55000000000042 279
39.60000000000042 279
39.65000000000042 279
39.70000000000042 279
39.750000000000426 279
39.80000000000042 279
39.85000000000042 279
39.900000000000425 279
39.95000000000043 279
40.000000000000426 279
40.05000000000042 279
40.10000000000043 279
40.15000000000043 279
40.20000000000043 279
40.250000000000426 279
40.30000000000043 279
40.350000000000435 279
40.40000000000043 279
40.45000000000043 279
40.50000000000043 279
40.55000000000044 279
40.600000000000435 279
40.65000000000043 279
40.700000000000436 279
40.75000000000044 279
40.80000000000044 279
40.850000000000435 279
40.90000000000044 279
40.95000000000044 279
41.00000000000044 279
41.05000000000044 279
41.10000000000044 279
41.150000000000446 279
41.20000000000044 279
41.25000000000044 279
41.300000000000445 279
41.35000000000045 279
41.400000000000446 279
41.45000000000044 279
41.50000000000045 279
41.55000000000045 279
41.60000000000045 279
41.650000000000446 279
41.70000000000045 279
41.750000000000455 279
41.80000000000045 279
41.85000000000045 279
41.90000000000045 279
41.95000000000046 279
42.000000000000455 279
42.05000000000045 279
42.100000000000456 279
42.15000000000046 279
42.20000000000046 279
42.250000000000455 279
42.30000000000046 279
42.35000000000046 279
42.40000000000046 279
42.45000000000046 279
42.50000000000046 279
42.550000000000466 279
42.60000000000046 280
42.65000000000046 280
42.700000000000465 276
42.75000000000047 276
42.800000000000466 276
42.85000000000046 276
42.90000000000047 276
42.95000000000047 273
43.00000000000047 272
43.050000000000466 269
43.10000000000047 269
43.150000000000475 269
43.20000000000047 269
43.25000000000047 269
43.30000000000047 269
43.35000000000048 269
43.400000000000475 269
43.45000000000047 269
43.500000000000476 269
43.55000000000048 269
43.60000000000048 269
43.650000000000475 269
43.70000000000048 269
43.75000000000048 269
43.80000000000048 269
43.85000000000048 266
43.90000000000048 264
43.950000000000486 260
44.00000000000048 260
44.05000000000048 260
44.100000000000485 260
44.15000000000049 260
44.200000000000486 260
44.25000000000048 260
44.30000000000049 260
44.35000000000049 260
44.40000000000049 260
44.450000000000486 260
44.50000000000049 257
44.550000000000495 254
44.60000000000049 254
44.65000000000049 254
44.70000000000049 254
44.7500000000005 254
44.800000000000495 251
44.85000000000049 251
44.900000000000496 250
44.9500000000005 250
45.0000000000005 250
45.050000000000495 250
45.1000000000005 250
45.1500000000005 250
45.2000000000005 250
45.2500000000005 250
45.3000000000005 250
45.350000000000506 250
45.4000000000005 250
45.4500000000005 250
45.500000000000504 250
45.55000000000051 250
45.600000000000506 250
45.6500000000005 247
45.70000000000051 246
45.75000000000051 244
45.80000000000051 242
45.850000000000506 239
45.90000000000051 235
45.950000000000514 232
46.00000000000051 229
46.05000000000051 226
46.10000000000051 222
46.15000000000052 219
46.200000000000514 216
46.25000000000051 213
46.300000000000516 208
46.35000000000052 205
46.40000000000052 202
46.450000000000514 199
46.50000000000052 195
46.55000000000052 193
46.60000000000052 191
46.65000000000052 189
46.70000000000052 187
46.750000000000526 185
46.80000000000052 183
46.85000000000052 181
46.900000000000524 178
46.95000000000053 176
47.000000000000526 174
47.05000000000052 172
47.10000000000053 170
47.15000000000053 169
47.20000000000053 169
47.250000000000526 169
47.30000000000053 167
47.350000000000534 166
47.40000000000053 165
47.45000000000053 165
47.50000000000053 165
47.55000000000054 164
47.600000000000534 162
47.65000000000053 159
47.700000000000536 159
47.75000000000054 159
47.80000000000054 159
47.850000000000534 159
47.90000000000054 159
47.95000000000054 159
48.00000000000054 159
48.05000000000054 159
48.10000000000054 159
48.150000000000546 159
48.20000000000054 159
48.25000000000054 159
48.300000000000544 159
48.35000000000055 159
48.400000000000546 159
48.45000000000054 159
48.50000000000055 159
48.55000000000055 159
48.60000000000055 159
48.650000000000546 159
48.70000000000055 159
48.750000000000554 159
48.80000000000055 159
48.85000000000055 159
48.90000000000055 159
48.95000000000056 159
49.000000000000554 159
49.05000000000055 159
49.100000000000556 159
49.15000000000056 159
49.20000000000056 159
49.250000000000554 159
49.30000000000056 159
49.35000000000056 159
49.40000000000056 159
49.45000000000056 159
49.50000000000056 159
49.550000000000566 159
49.60000000000056 159
49.65000000000056 159
49.700000000000564 159
49.75000000000057 159
49.800000000000566 159
49.85000000000056 159
49.90000000000057 159
49.95000000000057 159
