10.850000000000012 10
10.900000000000013 10
10.950000000000014 10
11.000000000000014 10
11.050000000000015 10
11.100000000000016 10
11.150000000000016 10
11.200000000000017 10
11.250000000000018 10
11.300000000000018 10
11.35000000000002 10
11.40000000000002 10
11.45000000000002 10
11.500000000000021 10
11.550000000000022 10
11.600000000000023 10
11.650000000000023 10
11.700000000000024 10
11.750000000000025 10
11.800000000000026 10
11.850000000000026 10
11.900000000000027 10
11.950000000000028 10
12.000000000000028 10
12.05000000000003 10
12.10000000000003 10
12.15000000000003 10
12.200000000000031 10
12.250000000000032 10
12.300000000000033 10
12.350000000000033 10
12.400000000000034 10
12.450000000000035 10
12.500000000000036 10
12.550000000000036 13
12.600000000000037 16
12.650000000000038 20
12.700000000000038 20
12.750000000000039 20
12.80000000000004 20
12.85000000000004 20
12.900000000000041 20
12.950000000000042 20
13.000000000000043 20
13.050000000000043 20
13.100000000000044 20
13.150000000000045 20
13.200000000000045 20
13.250000000000046 20
13.300000000000047 20
13.350000000000048 20
13.400000000000048 20
13.450000000000049 20
13.50000000000005 20
13.55000000000005 20
13.600000000000051 20
13.650000000000052 20
13.700000000000053 20
13.750000000000053 20
13.800000000000054 20
13.850000000000055 20
13.900000000000055 20
13.950000000000056 20
14.000000000000057 20
14.050000000000058 20
14.100000000000058 23
14.150000000000059 26
14.20000000000006 29
14.25000000000006 29
14.300000000000061 29
14.350000000000062 29
14.400000000000063 29
14.450000000000063 29
14.500000000000064 29
14.550000000000065 29
14.600000000000065 29
14.650000000000066 29
14.700000000000067 29
14.750000000000068 29
14.800000000000068 29
14.850000000000069 29
14.90000000000007 29
14.95000000000007 29
15.000000000000071 29
15.050000000000072 29
15.100000000000072 29
15.150000000000073 29
15.200000000000074 29
15.250000000000075 29
15.300000000000075 29
15.350000000000076 29
15.400000000000077 29
15.450000000000077 29
15.500000000000078 29
15.550000000000079 29
15.60000000000008 29
15.65000000000008 29
15.700000000000081 29
15.750000000000082 29
15.800000000000082 29
15.850000000000083 30
15.900000000000084 31
15.950000000000085 32
16.000000000000085 32
16.050000000000086 33
16.100000000000087 34
16.150000000000087 35
16.200000000000088 35
16.25000000000009 35
16.30000000000009 35
16.35000000000009 35
16.40000000000009 35
16.45000000000009 35
16.500000000000092 35
16.550000000000093 35
16.600000000000094 35
16.650000000000095 35
16.700000000000095 35
16.750000000000096 35
16.800000000000097 35
16.850000000000097 35
16.900000000000098 35
16.9500000000001 35
17.0000000000001 35
17.0500000000001 35
17.1000000000001 35
17.1500000000001 35
17.200000000000102 35
17.250000000000103 35
17.300000000000104 35
17.350000000000104 35
17.400000000000105 35
17.450000000000106 35
17.500000000000107 35
17.550000000000107 35
17.600000000000108 35
17.65000000000011 35
17.70000000000011 35
17.75000000000011 35
17.80000000000011 35
17.85000000000011 35
17.900000000000112 35
17.950000000000113 35
18.000000000000114 35
18.050000000000114 35
18.100000000000115 35
18.150000000000116 35
18.200000000000117 36
18.250000000000117 38
18.300000000000118 40
18.35000000000012 41
18.40000000000012 43
18.45000000000012 45
18.50000000000012 47
18.55000000000012 49
18.600000000000122 51
18.650000000000123 53
18.700000000000124 53
18.750000000000124 53
18.800000000000125 53
18.850000000000126 53
18.900000000000126 53
18.950000000000127 53
19.000000000000128 53
19.05000000000013 53
19.10000000000013 53
19.15000000000013 53
19.20000000000013 53
19.25000000000013 53
19.300000000000132 53
19.350000000000133 53
19.400000000000134 53
19.450000000000134 53
19.500000000000135 53
19.550000000000136 53
19.600000000000136 53
19.650000000000137 53
19.700000000000138 53
19.75000000000014 53
19.80000000000014 53
19.85000000000014 53
19.90000000000014 53
19.95000000000014 53
20.000000000000142 53
20.050000000000143 53
20.100000000000144 53
20.150000000000144 53
20.200000000000145 53
20.250000000000146 53
20.300000000000146 53
20.350000000000147 53
20.400000000000148 53
20.45000000000015 53
20.50000000000015 53
20.55000000000015 53
20.60000000000015 53
20.65000000000015 53
20.700000000000152 53
20.750000000000153 53
20.800000000000153 53
20.850000000000154 53
20.900000000000155 53
20.950000000000156 53
21.000000000000156 53
21.050000000000157 53
21.100000000000158 53
21.15000000000016 53
21.20000000000016 53
21.25000000000016 53
21.30000000000016 53
21.35000000000016 53
21.400000000000162 53
21.450000000000163 53
21.500000000000163 53
21.550000000000164 53
21.600000000000165 53
21.650000000000166 53
21.700000000000166 55
21.750000000000167 56
21.800000000000168 58
21.85000000000017 60
21.90000000000017 61
21.95000000000017 63
22.00000000000017 64
22.05000000000017 66
22.100000000000172 68
22.150000000000173 70
22.200000000000173 72
22.250000000000174 74
22.300000000000175 76
22.350000000000176 79
22.400000000000176 80
22.450000000000177 80
22.500000000000178 80
22.55000000000018 80
22.60000000000018 80
22.65000000000018 80
22.70000000000018 80
22.75000000000018 80
22.800000000000182 80
22.850000000000183 80
22.900000000000183 80
22.950000000000184 80
23.000000000000185 80
23.050000000000185 80
23.100000000000186 80
23.150000000000187 80
23.200000000000188 80
23.25000000000019 80
23.30000000000019 80
23.35000000000019 80
23.40000000000019 80
23.45000000000019 80
23.500000000000192 80
23.550000000000193 80
23.600000000000193 80
23.650000000000194 80
23.700000000000195 80
23.750000000000195 80
23.800000000000196 80
23.850000000000197 80
23.900000000000198 80
23.9500000000002 80
24.0000000000002 80
24.0500000000002 80
24.1000000000002 80
24.1500000000002 80
24.200000000000202 80
24.250000000000203 80
24.300000000000203 80
24.350000000000204 80
24.400000000000205 80
24.450000000000205 80
24.500000000000206 80
24.550000000000207 80
24.600000000000207 80
24.650000000000208 80
24.70000000000021 80
24.75000000000021 80
24.80000000000021 80
24.85000000000021 80
24.90000000000021 80
24.950000000000212 80
25.000000000000213 80
25.050000000000214 80
25.100000000000215 80
25.150000000000215 80
25.200000000000216 80
25.250000000000217 80
25.300000000000217 80
25.350000000000218 80
25.40000000000022 80
25.45000000000022 80
25.50000000000022 80
25.55000000000022 80
25.60000000000022 80
25.650000000000222 80
25.700000000000223 80
25.750000000000224 80
25.800000000000225 80
25.850000000000225 80
25.900000000000226 80
25.950000000000227 80
26.000000000000227 80
26.050000000000228 80
26.10000000000023 80
26.15000000000023 80
26.20000000000023 80
26.25000000000023 80
26.30000000000023 80
26.350000000000232 80
26.400000000000233 80
26.450000000000234 80
26.500000000000234 80
26.550000000000235 80
26.600000000000236 80
26.650000000000237 80
26.700000000000237 80
26.750000000000238 80
26.80000000000024 80
26.85000000000024 80
26.90000000000024 81
26.95000000000024 83
27.00000000000024 84
27.050000000000242 86
27.100000000000243 88
27.150000000000244 90
27.200000000000244 90
27.250000000000245 92
27.300000000000246 94
27.350000000000247 96
27.400000000000247 96
27.450000000000248 99
27.50000000000025 101
27.55000000000025 102
27.60000000000025 104
27.65000000000025 106
27.70000000000025 108
27.750000000000252 111
27.800000000000253 113
27.850000000000254 115
27.900000000000254 117
27.950000000000255 118
28.000000000000256 119
28.050000000000257 120
28.100000000000257 120
28.150000000000258 120
28.20000000000026 120
28.25000000000026 120
28.30000000000026 120
28.35000000000026 120
28.40000000000026 120
28.450000000000262 120
28.500000000000263 120
28.550000000000264 120
28.600000000000264 120
28.650000000000265 120
28.700000000000266 120
28.750000000000266 120
28.800000000000267 120
28.850000000000268 120
28.90000000000027 120
28.95000000000027 120
29.00000000000027 120
29.05000000000027 120
29.10000000000027 120
29.150000000000272 120
29.200000000000273 120
29.250000000000274 120
29.300000000000274 120
29.350000000000275 120
29.400000000000276 120
29.450000000000276 120
29.500000000000277 120
29.550000000000278 120
29.60000000000028 120
29.65000000000028 120
29.70000000000028 120
29.75000000000028 120
29.80000000000028 120
29.850000000000282 120
29.900000000000283 120
29.950000000000284 120
30.000000000000284 120
30.050000000000285 120
30.100000000000286 120
30.150000000000286 120
30.200000000000287 120
30.250000000000288 120
30.30000000000029 120
30.35000000000029 120
30.40000000000029 120
30.45000000000029 120
30.50000000000029 120
30.550000000000292 120
30.600000000000293 120
30.650000000000293 120
30.700000000000294 120
30.750000000000295 120
30.800000000000296 120
30.850000000000296 120
30.900000000000297 120
30.950000000000298 120
31.0000000000003 120
31.0500000000003 120
31.1000000000003 120
31.1500000000003 120
31.2000000000003 120
31.250000000000302 120
31.300000000000303 120
31.350000000000303 120
31.400000000000304 120
31.450000000000305 120
31.500000000000306 120
31.550000000000306 120
31.600000000000307 120
31.650000000000308 120
31.70000000000031 120
31.75000000000031 120
31.80000000000031 120
31.85000000000031 120
31.90000000000031 120
31.950000000000312 120
32.00000000000031 120
32.05000000000031 120
32.100000000000314 120
32.15000000000032 120
32.200000000000315 120
32.25000000000031 120
32.30000000000032 120
32.35000000000032 120
32.40000000000032 120
32.450000000000315 120
32.50000000000032 120
32.550000000000324 120
32.60000000000032 120
32.65000000000032 120
32.70000000000032 120
32.75000000000033 120
32.800000000000324 120
32.85000000000032 120
32.900000000000325 120
32.95000000000033 120
33.00000000000033 120
33.050000000000324 120
33.10000000000033 120
33.15000000000033 120
33.20000000000033 120
33.25000000000033 120
33.30000000000033 120
33.350000000000335 120
33.40000000000033 120
33.45000000000033 120
33.500000000000334 120
33.55000000000034 120
33.600000000000335 120
33.65000000000033 120
33.70000000000034 120
33.75000000000034 120
33.80000000000034 120
33.850000000000335 120
33.90000000000034 120
33.950000000000344 120
34.00000000000034 120
34.05000000000034 120
34.10000000000034 120
34.15000000000035 120
34.200000000000344 120
34.25000000000034 120
34.300000000000345 120
34.35000000000035 120
34.40000000000035 120
34.450000000000344 120
34.50000000000035 120
34.55000000000035 120
34.60000000000035 120
34.65000000000035 120
34.70000000000035 121
34.750000000000355 122
34.80000000000035 124
34.85000000000035 125
34.900000000000354 126
34.95000000000036 128
35.000000000000355 130
35.05000000000035 132
35.10000000000036 134
35.15000000000036 135
35.20000000000036 135
35.250000000000355 136
35.30000000000036 138
35.350000000000364 140
35.40000000000036 142
35.45000000000036 144
35.50000000000036 145
35.55000000000037 147
35.600000000000364 149
35.65000000000036 151
35.700000000000365 153
35.75000000000037 155
35.80000000000037 157
35.850000000000364 159
35.90000000000037 161
35.95000000000037 163
36.00000000000037 165
36.05000000000037 167
36.10000000000037 170
36.150000000000375 171
36.20000000000037 173
36.25000000000037 175
36.300000000000374 177
36.35000000000038 177
36.400000000000375 179
36.45000000000037 179
36.50000000000038 180
36.55000000000038 180
36.60000000000038 180
36.650000000000375 180
36.70000000000038 180
36.750000000000384 180
36.80000000000038 180
36.85000000000038 180
36.90000000000038 180
36.95000000000039 180
37.000000000000384 180
37.05000000000038 180
37.100000000000385 180
37.15000000000039 180
37.20000000000039 180
37.250000000000384 180
37.30000000000039 180
37.35000000000039 180
37.40000000000039 180
37.45000000000039 180
37.50000000000039 180
37.550000000000395 180
37.60000000000039 180
37.65000000000039 180
37.700000000000394 180
37.7500000000004 180
37.800000000000395 180
37.85000000000039 180
37.9000000000004 180
37.9500000000004 180
38.0000000000004 180
38.050000000000395 180
38.1000000000004 180
38.150000000000404 180
38.2000000000004 180
38.2500000000004 180
38.3000000000004 180
38.350000000000406 180
38.400000000000404 180
38.4500000000004 180
38.500000000000405 180
38.55000000000041 180
38.600000000000406 180
38.650000000000404 180
38.70000000000041 180
38.75000000000041 180
38.80000000000041 180
38.850000000000406 180
38.90000000000041 180
38.950000000000415 180
39.00000000000041 180
39.05000000000041 180
39.10000000000041 180
39.15000000000042 180
39.200000000000415 180
39.25000000000041 180
39.300000000000416 180
39.35000000000042 180
39.40000000000042 180
39.450000000000415 180
39.50000000000042 180
39.55000000000042 180
39.60000000000042 180
39.65000000000042 180
39.70000000000042 180
39.750000000000426 180
39.80000000000042 180
39.85000000000042 180
39.900000000000425 180
39.95000000000043 180
40.000000000000426 180
40.05000000000042 180
40.10000000000043 180
40.15000000000043 180
40.20000000000043 180
40.250000000000426 180
40.30000000000043 180
40.350000000000435 180
40.40000000000043 180
40.45000000000043 180
40.50000000000043 180
40.55000000000044 180
40.600000000000435 180
40.65000000000043 180
40.700000000000436 180
40.75000000000044 180
40.80000000000044 180
40.850000000000435 180
40.90000000000044 180
40.95000000000044 180
41.00000000000044 180
41.05000000000044 180
41.10000000000044 180
41.150000000000446 180
41.20000000000044 180
41.25000000000044 180
41.300000000000445 180
41.35000000000045 180
41.400000000000446 180
41.45000000000044 180
41.50000000000045 180
41.55000000000045 180
41.60000000000045 180
41.650000000000446 180
41.70000000000045 180
41.750000000000455 180
41.80000000000045 180
41.85000000000045 180
41.90000000000045 180
41.95000000000046 180
42.000000000000455 180
42.05000000000045 180
42.100000000000456 180
42.15000000000046 180
42.20000000000046 180
42.250000000000455 180
42.30000000000046 180
42.35000000000046 180
42.40000000000046 180
42.45000000000046 180
42.50000000000046 180
42.550000000000466 180
42.60000000000046 180
42.65000000000046 180
42.700000000000465 180
42.75000000000047 180
42.800000000000466 180
42.85000000000046 180
42.90000000000047 180
42.95000000000047 180
43.00000000000047 180
43.050000000000466 180
43.10000000000047 180
43.150000000000475 180
43.20000000000047 180
43.25000000000047 180
43.30000000000047 180
43.35000000000048 180
43.400000000000475 180
43.45000000000047 180
43.500000000000476 180
43.55000000000048 180
43.60000000000048 180
43.650000000000475 180
43.70000000000048 180
43.75000000000048 180
43.80000000000048 180
43.85000000000048 180
43.90000000000048 180
43.950000000000486 180
44.00000000000048 180
44.05000000000048 181
44.100000000000485 178
44.15000000000049 176
44.200000000000486 174
44.25000000000048 173
44.30000000000049 169
44.35000000000049 165
44.40000000000049 162
44.450000000000486 159
44.50000000000049 158
44.550000000000495 158
44.60000000000049 154
44.65000000000049 151
44.70000000000049 148
44.7500000000005 144
44.800000000000495 143
44.85000000000049 140
44.900000000000496 138
44.9500000000005 135
45.0000000000005 132
45.050000000000495 124
45.1000000000005 120
45.1500000000005 116
45.2000000000005 112
45.2500000000005 108
45.3000000000005 104
45.350000000000506 100
45.4000000000005 96
45.4500000000005 92
45.500000000000504 87
45.55000000000051 83
45.600000000000506 79
45.6500000000005 79
45.70000000000051 77
45.75000000000051 75
45.80000000000051 75
45.850000000000506 75
45.90000000000051 75
45.950000000000514 75
46.00000000000051 75
46.05000000000051 75
46.10000000000051 75
46.15000000000052 75
46.200000000000514 75
46.25000000000051 75
46.300000000000516 75
46.35000000000052 75
46.40000000000052 75
46.450000000000514 75
46.50000000000052 75
46.55000000000052 75
46.60000000000052 75
46.65000000000052 75
46.70000000000052 75
46.750000000000526 75
46.80000000000052 75
46.85000000000052 75
46.900000000000524 75
46.95000000000053 75
47.000000000000526 75
47.05000000000052 75
47.10000000000053 75
47.15000000000053 75
47.20000000000053 75
47.250000000000526 75
47.30000000000053 75
47.350000000000534 75
47.40000000000053 75
47.45000000000053 75
47.50000000000053 75
47.55000000000054 75
47.600000000000534 75
47.65000000000053 75
47.700000000000536 75
47.75000000000054 75
47.80000000000054 75
47.850000000000534 75
47.90000000000054 75
47.95000000000054 75
48.00000000000054 75
48.05000000000054 75
48.10000000000054 75
48.150000000000546 75
48.20000000000054 75
48.25000000000054 75
48.300000000000544 75
48.35000000000055 75
48.400000000000546 75
48.45000000000054 75
48.50000000000055 75
48.55000000000055 75
48.60000000000055 75
48.650000000000546 75
48.70000000000055 75
48.750000000000554 75
48.80000000000055 75
48.85000000000055 75
48.90000000000055 75
48.95000000000056 75
49.000000000000554 75
49.05000000000055 75
49.100000000000556 75
49.15000000000056 75
49.20000000000056 75
49.250000000000554 75
49.30000000000056 75
49.35000000000056 75
49.40000000000056 75
49.45000000000056 75
49.50000000000056 75
49.550000000000566 75
49.60000000000056 75
49.65000000000056 75
49.700000000000564 75
49.75000000000057 75
49.800000000000566 75
49.85000000000056 75
49.90000000000057 75
49.95000000000057 75
