10.550000000000008 10
10.600000000000009 10
10.65000000000001 10
10.70000000000001 10
10.75000000000001 10
10.800000000000011 14
10.850000000000012 18
10.900000000000013 20
10.950000000000014 20
11.000000000000014 21
11.050000000000015 25
11.100000000000016 29
11.150000000000016 29
11.200000000000017 29
11.250000000000018 29
11.300000000000018 29
11.35000000000002 29
11.40000000000002 29
11.45000000000002 29
11.500000000000021 29
11.550000000000022 29
11.600000000000023 29
11.650000000000023 29
11.700000000000024 29
11.750000000000025 29
11.800000000000026 30
11.850000000000026 30
11.900000000000027 30
11.950000000000028 30
12.000000000000028 30
12.05000000000003 30
12.10000000000003 30
12.15000000000003 31
12.200000000000031 31
12.250000000000032 31
12.300000000000033 31
12.350000000000033 31
12.400000000000034 31
12.450000000000035 31
12.500000000000036 31
12.550000000000036 31
12.600000000000037 31
12.650000000000038 31
12.700000000000038 31
12.750000000000039 31
12.80000000000004 31
12.85000000000004 31
12.900000000000041 31
12.950000000000042 31
13.000000000000043 31
13.050000000000043 31
13.100000000000044 31
13.150000000000045 32
13.200000000000045 32
13.250000000000046 32
13.300000000000047 32
13.350000000000048 32
13.400000000000048 32
13.450000000000049 32
13.50000000000005 33
13.55000000000005 33
13.600000000000051 33
13.650000000000052 33
13.700000000000053 33
13.750000000000053 33
13.800000000000054 33
13.850000000000055 33
13.900000000000055 33
13.950000000000056 33
14.000000000000057 33
14.050000000000058 33
14.100000000000058 33
14.150000000000059 33
14.20000000000006 33
14.25000000000006 33
14.300000000000061 33
14.350000000000062 33
14.400000000000063 33
14.450000000000063 33
14.500000000000064 33
14.550000000000065 33
14.600000000000065 33
14.650000000000066 34
14.700000000000067 36
14.750000000000068 38
14.800000000000068 39
14.850000000000069 40
14.90000000000007 42
14.95000000000007 43
15.000000000000071 44
15.050000000000072 44
15.100000000000072 44
15.150000000000073 44
15.200000000000074 46
15.250000000000075 46
15.300000000000075 46
15.350000000000076 46
15.400000000000077 46
15.450000000000077 46
15.500000000000078 46
15.550000000000079 46
15.60000000000008 46
15.65000000000008 46
15.700000000000081 46
15.750000000000082 46
15.800000000000082 46
15.850000000000083 46
15.900000000000084 46
15.950000000000085 46
16.000000000000085 46
16.050000000000086 46
16.100000000000087 46
16.150000000000087 46
16.200000000000088 46
16.25000000000009 46
16.30000000000009 46
16.35000000000009 46
16.40000000000009 46
16.45000000000009 46
16.500000000000092 46
16.550000000000093 46
16.600000000000094 49
16.650000000000095 50
16.700000000000095 52
16.750000000000096 54
16.800000000000097 56
16.850000000000097 58
16.900000000000098 60
16.9500000000001 62
17.0000000000001 64
17.0500000000001 66
17.1000000000001 66
17.1500000000001 67
17.200000000000102 67
17.250000000000103 67
17.300000000000104 67
17.350000000000104 69
17.400000000000105 69
17.450000000000106 70
17.500000000000107 70
17.550000000000107 70
17.600000000000108 70
17.65000000000011 70
17.70000000000011 70
17.75000000000011 70
17.80000000000011 70
17.85000000000011 70
17.900000000000112 70
17.950000000000113 70
18.000000000000114 70
18.050000000000114 70
18.100000000000115 70
18.150000000000116 70
18.200000000000117 70
18.250000000000117 70
18.300000000000118 70
18.35000000000012 70
18.40000000000012 70
18.45000000000012 70
18.50000000000012 70
18.55000000000012 70
18.600000000000122 70
18.650000000000123 70
18.700000000000124 70
18.750000000000124 70
18.800000000000125 70
18.850000000000126 70
18.900000000000126 70
18.950000000000127 70
19.000000000000128 70
19.05000000000013 70
19.10000000000013 70
19.15000000000013 70
19.20000000000013 72
19.25000000000013 73
19.300000000000132 74
19.350000000000133 76
19.400000000000134 78
19.450000000000134 80
19.500000000000135 82
19.550000000000136 84
19.600000000000136 86
19.650000000000137 88
19.700000000000138 90
19.75000000000014 92
19.80000000000014 94
19.85000000000014 97
19.90000000000014 99
19.95000000000014 99
20.000000000000142 99
20.050000000000143 99
20.100000000000144 100
20.150000000000144 100
20.200000000000145 100
20.250000000000146 100
20.300000000000146 100
20.350000000000147 102
20.400000000000148 103
20.45000000000015 103
20.50000000000015 103
20.55000000000015 104
20.60000000000015 105
20.65000000000015 105
20.700000000000152 105
20.750000000000153 105
20.800000000000153 105
20.850000000000154 105
20.900000000000155 105
20.950000000000156 105
21.000000000000156 105
21.050000000000157 105
21.100000000000158 105
21.15000000000016 105
21.20000000000016 105
21.25000000000016 105
21.30000000000016 105
21.35000000000016 105
21.400000000000162 105
21.450000000000163 105
21.500000000000163 105
21.550000000000164 105
21.600000000000165 105
21.650000000000166 105
21.700000000000166 105
21.750000000000167 105
21.800000000000168 105
21.85000000000017 105
21.90000000000017 105
21.95000000000017 105
22.00000000000017 105
22.05000000000017 105
22.100000000000172 105
22.150000000000173 105
22.200000000000173 105
22.250000000000174 105
22.300000000000175 105
22.350000000000176 105
22.400000000000176 105
22.450000000000177 105
22.500000000000178 105
22.55000000000018 105
22.60000000000018 105
22.65000000000018 105
22.70000000000018 105
22.75000000000018 105
22.800000000000182 105
22.850000000000183 105
22.900000000000183 105
22.950000000000184 105
23.000000000000185 105
23.050000000000185 105
23.100000000000186 106
23.150000000000187 107
23.200000000000188 109
23.25000000000019 111
23.30000000000019 111
23.35000000000019 112
23.40000000000019 114
23.45000000000019 117
23.500000000000192 119
23.550000000000193 121
23.600000000000193 123
23.650000000000194 125
23.700000000000195 127
23.750000000000195 129
23.800000000000196 131
23.850000000000197 133
23.900000000000198 135
23.9500000000002 137
24.0000000000002 139
24.0500000000002 142
24.1000000000002 144
24.1500000000002 146
24.200000000000202 148
24.250000000000203 149
24.300000000000203 149
24.350000000000204 149
24.400000000000205 149
24.450000000000205 150
24.500000000000206 150
24.550000000000207 150
24.600000000000207 150
24.650000000000208 150
24.70000000000021 150
24.75000000000021 150
24.80000000000021 150
24.85000000000021 152
24.90000000000021 154
24.950000000000212 155
25.000000000000213 155
25.050000000000214 155
25.100000000000215 155
25.150000000000215 156
25.200000000000216 157
25.250000000000217 157
25.300000000000217 157
25.350000000000218 157
25.40000000000022 157
25.45000000000022 157
25.50000000000022 157
25.55000000000022 157
25.60000000000022 157
25.650000000000222 157
25.700000000000223 157
25.750000000000224 157
25.800000000000225 157
25.850000000000225 157
25.900000000000226 157
25.950000000000227 157
26.000000000000227 157
26.050000000000228 157
26.10000000000023 157
26.15000000000023 157
26.20000000000023 157
26.25000000000023 157
26.30000000000023 157
26.350000000000232 157
26.400000000000233 157
26.450000000000234 157
26.500000000000234 157
26.550000000000235 157
26.600000000000236 157
26.650000000000237 157
26.700000000000237 157
26.750000000000238 157
26.80000000000024 157
26.85000000000024 157
26.90000000000024 157
26.95000000000024 157
27.00000000000024 157
27.050000000000242 157
27.100000000000243 157
27.150000000000244 157
27.200000000000244 157
27.250000000000245 157
27.300000000000246 157
27.350000000000247 157
27.400000000000247 157
27.450000000000248 157
27.50000000000025 157
27.55000000000025 157
27.60000000000025 157
27.65000000000025 157
27.70000000000025 157
27.750000000000252 157
27.800000000000253 157
27.850000000000254 157
27.900000000000254 157
27.950000000000255 157
28.000000000000256 157
28.050000000000257 157
28.100000000000257 157
28.150000000000258 157
28.20000000000026 157
28.25000000000026 157
28.30000000000026 157
28.35000000000026 157
28.40000000000026 157
28.450000000000262 157
28.500000000000263 157
28.550000000000264 157
28.600000000000264 157
28.650000000000265 157
28.700000000000266 157
28.750000000000266 157
28.800000000000267 157
28.850000000000268 157
28.90000000000027 157
28.95000000000027 157
29.00000000000027 157
29.05000000000027 160
29.10000000000027 160
29.150000000000272 162
29.200000000000273 164
29.250000000000274 166
29.300000000000274 166
29.350000000000275 166
29.400000000000276 168
29.450000000000276 170
29.500000000000277 173
29.550000000000278 175
29.60000000000028 177
29.65000000000028 179
29.70000000000028 181
29.75000000000028 183
29.80000000000028 185
29.850000000000282 187
29.900000000000283 189
29.950000000000284 191
30.000000000000284 193
30.050000000000285 195
30.100000000000286 198
30.150000000000286 200
30.200000000000287 202
30.250000000000288 204
30.30000000000029 206
30.35000000000029 208
30.40000000000029 210
30.45000000000029 212
30.50000000000029 214
30.550000000000292 216
30.600000000000293 218
30.650000000000293 220
30.700000000000294 223
30.750000000000295 223
30.800000000000296 223
30.850000000000296 223
30.900000000000297 223
30.950000000000298 223
31.0000000000003 223
31.0500000000003 224
31.1000000000003 225
31.1500000000003 225
31.2000000000003 225
31.250000000000302 225
31.300000000000303 225
31.350000000000303 225
31.400000000000304 225
31.450000000000305 225
31.500000000000306 225
31.550000000000306 225
31.600000000000307 226
31.650000000000308 229
31.70000000000031 231
31.75000000000031 231
31.80000000000031 232
31.85000000000031 232
31.90000000000031 232
31.950000000000312 232
32.00000000000031 232
32.05000000000031 234
32.100000000000314 234
32.15000000000032 234
32.200000000000315 236
32.25000000000031 236
32.30000000000032 236
32.35000000000032 236
32.40000000000032 236
32.450000000000315 236
32.50000000000032 236
32.550000000000324 236
32.60000000000032 236
32.65000000000032 236
32.70000000000032 236
32.75000000000033 236
32.800000000000324 236
32.85000000000032 236
32.900000000000325 236
32.95000000000033 236
33.00000000000033 236
33.050000000000324 236
33.10000000000033 236
33.15000000000033 236
33.20000000000033 236
33.25000000000033 236
33.30000000000033 236
33.350000000000335 236
33.40000000000033 236
33.45000000000033 236
33.500000000000334 236
33.55000000000034 236
33.600000000000335 236
33.65000000000033 236
33.70000000000034 236
33.75000000000034 236
33.80000000000034 236
33.850000000000335 236
33.90000000000034 236
33.950000000000344 236
34.00000000000034 236
34.05000000000034 236
34.10000000000034 236
34.15000000000035 236
34.200000000000344 236
34.25000000000034 236
34.300000000000345 236
34.35000000000035 236
34.40000000000035 236
34.450000000000344 236
34.50000000000035 236
34.55000000000035 236
34.60000000000035 236
34.65000000000035 236
34.70000000000035 236
34.750000000000355 236
34.80000000000035 236
34.85000000000035 236
34.900000000000354 236
34.95000000000036 236
35.000000000000355 236
35.05000000000035 236
35.10000000000036 236
35.15000000000036 236
35.20000000000036 236
35.250000000000355 236
35.30000000000036 236
35.350000000000364 236
35.40000000000036 236
35.45000000000036 236
35.50000000000036 236
35.55000000000037 236
35.600000000000364 236
35.65000000000036 236
35.700000000000365 236
35.75000000000037 236
35.80000000000037 236
35.850000000000364 236
35.90000000000037 236
35.95000000000037 236
36.00000000000037 236
36.05000000000037 236
36.10000000000037 236
36.150000000000375 236
36.20000000000037 236
36.25000000000037 236
36.300000000000374 236
36.35000000000038 236
36.400000000000375 236
36.45000000000037 236
36.50000000000038 236
36.55000000000038 236
36.60000000000038 236
36.650000000000375 236
36.70000000000038 236
36.750000000000384 236
36.80000000000038 236
36.85000000000038 236
36.90000000000038 236
36.95000000000039 236
37.000000000000384 236
37.05000000000038 236
37.100000000000385 236
37.15000000000039 236
37.20000000000039 236
37.250000000000384 236
37.30000000000039 236
37.35000000000039 236
37.40000000000039 236
37.45000000000039 236
37.50000000000039 236
37.550000000000395 236
37.60000000000039 236
37.65000000000039 236
37.700000000000394 236
37.7500000000004 236
37.800000000000395 236
37.85000000000039 236
37.9000000000004 237
37.9500000000004 239
38.0000000000004 240
38.050000000000395 242
38.1000000000004 243
38.150000000000404 245
38.2000000000004 247
38.2500000000004 249
38.3000000000004 249
38.350000000000406 249
38.400000000000404 249
38.4500000000004 251
38.500000000000405 253
38.55000000000041 254
38.600000000000406 256
38.650000000000404 259
38.70000000000041 261
38.75000000000041 263
38.80000000000041 265
38.850000000000406 267
38.90000000000041 269
38.950000000000415 271
39.00000000000041 273
39.05000000000041 275
39.10000000000041 277
39.15000000000042 279
39.200000000000415 278
39.25000000000041 273
39.300000000000416 270
39.35000000000042 267
39.40000000000042 264
39.450000000000415 261
39.50000000000042 257
39.55000000000042 254
39.60000000000042 251
39.65000000000042 247
39.70000000000042 244
39.750000000000426 241
39.80000000000042 238
39.85000000000042 235
39.900000000000425 230
39.95000000000043 227
40.000000000000426 224
40.05000000000042 223
40.10000000000043 223
40.15000000000043 223
40.20000000000043 223
40.250000000000426 223
40.30000000000043 223
40.350000000000435 221
40.40000000000043 220
40.45000000000043 220
40.50000000000043 220
40.55000000000044 220
40.600000000000435 220
40.65000000000043 220
40.700000000000436 220
40.75000000000044 220
40.80000000000044 220
40.850000000000435 220
40.90000000000044 216
40.95000000000044 213
41.00000000000044 210
41.05000000000044 208
41.10000000000044 208
41.150000000000446 206
41.20000000000044 206
41.25000000000044 206
41.300000000000445 206
41.35000000000045 206
41.400000000000446 204
41.45000000000044 204
41.50000000000045 200
41.55000000000045 200
41.60000000000045 200
41.650000000000446 200
41.70000000000045 200
41.750000000000455 200
41.80000000000045 200
41.85000000000045 200
41.90000000000045 200
41.95000000000046 200
42.000000000000455 200
42.05000000000045 200
42.100000000000456 200
42.15000000000046 200
42.20000000000046 200
42.250000000000455 200
42.30000000000046 200
42.35000000000046 200
42.40000000000046 200
42.45000000000046 200
42.50000000000046 200
42.550000000000466 200
42.60000000000046 200
42.65000000000046 200
42.700000000000465 200
42.75000000000047 200
42.800000000000466 200
42.85000000000046 200
42.90000000000047 200
42.95000000000047 200
43.00000000000047 200
43.050000000000466 200
43.10000000000047 200
43.150000000000475 200
43.20000000000047 200
43.25000000000047 200
43.30000000000047 200
43.35000000000048 200
43.400000000000475 200
43.45000000000047 200
43.500000000000476 200
43.55000000000048 200
43.60000000000048 200
43.650000000000475 200
43.70000000000048 200
43.75000000000048 200
43.80000000000048 200
43.85000000000048 200
43.90000000000048 200
43.950000000000486 200
44.00000000000048 200
44.05000000000048 200
44.100000000000485 200
44.15000000000049 200
44.200000000000486 200
44.25000000000048 200
44.30000000000049 200
44.35000000000049 200
44.40000000000049 200
44.450000000000486 200
44.50000000000049 200
44.550000000000495 200
44.60000000000049 200
44.65000000000049 200
44.70000000000049 200
44.7500000000005 200
44.800000000000495 200
44.85000000000049 200
44.900000000000496 200
44.9500000000005 200
45.0000000000005 200
45.050000000000495 200
45.1000000000005 200
45.1500000000005 200
45.2000000000005 200
45.2500000000005 200
45.3000000000005 200
45.350000000000506 200
45.4000000000005 200
45.4500000000005 200
45.500000000000504 200
45.55000000000051 200
45.600000000000506 200
45.6500000000005 200
45.70000000000051 200
45.75000000000051 200
45.80000000000051 200
45.850000000000506 200
45.90000000000051 200
45.950000000000514 200
46.00000000000051 200
46.05000000000051 200
46.10000000000051 200
46.15000000000052 200
46.200000000000514 200
46.25000000000051 200
46.300000000000516 200
46.35000000000052 200
46.40000000000052 200
46.450000000000514 200
46.50000000000052 200
46.55000000000052 200
46.60000000000052 200
46.65000000000052 200
46.70000000000052 200
46.750000000000526 200
46.80000000000052 200
46.85000000000052 200
46.900000000000524 200
46.95000000000053 200
47.000000000000526 200
47.05000000000052 200
47.10000000000053 200
47.15000000000053 200
47.20000000000053 199
47.250000000000526 196
47.30000000000053 194
47.350000000000534 194
47.40000000000053 192
47.45000000000053 191
47.50000000000053 189
47.55000000000054 186
47.600000000000534 185
47.65000000000053 185
47.700000000000536 185
47.75000000000054 185
47.80000000000054 183
47.850000000000534 181
47.90000000000054 180
47.95000000000054 178
48.00000000000054 175
48.05000000000054 173
48.10000000000054 171
48.150000000000546 169
48.20000000000054 167
48.25000000000054 165
48.300000000000544 163
48.35000000000055 161
48.400000000000546 159
48.45000000000054 157
48.50000000000055 185
48.55000000000055 188
48.60000000000055 191
48.650000000000546 195
48.70000000000055 196
48.750000000000554 196
48.80000000000055 196
48.85000000000055 196
48.90000000000055 196
48.95000000000056 196
49.000000000000554 196
49.05000000000055 196
49.100000000000556 196
49.15000000000056 196
49.20000000000056 196
49.250000000000554 196
49.30000000000056 196
49.35000000000056 196
49.40000000000056 196
49.45000000000056 196
49.50000000000056 196
49.550000000000566 196
49.60000000000056 196
49.65000000000056 196
49.700000000000564 196
49.75000000000057 196
49.800000000000566 196
49.85000000000056 196
49.90000000000057 196
49.95000000000057 196
50.00000000000057 196
50.050000000000566 196
50.10000000000057 196
50.150000000000574 196
50.20000000000057 196
50.25000000000057 196
50.30000000000057 196
50.35000000000058 196
50.400000000000574 196
50.45000000000057 196
50.500000000000576 196
50.55000000000058 196
50.60000000000058 196
50.650000000000574 196
50.70000000000058 196
50.75000000000058 196
50.80000000000058 196
50.85000000000058 196
50.90000000000058 196
50.950000000000585 196
51.00000000000058 196
51.05000000000058 196
51.100000000000584 196
51.15000000000059 196
51.200000000000585 196
51.25000000000058 196
51.30000000000059 196
51.35000000000059 196
51.40000000000059 196
51.450000000000585 196
51.50000000000059 196
51.550000000000594 196
51.60000000000059 196
51.65000000000059 196
51.70000000000059 196
51.7500000000006 196
51.800000000000594 196
51.85000000000059 196
51.900000000000595 196
51.9500000000006 196
52.0000000000006 196
52.050000000000594 196
52.1000000000006 196
52.1500000000006 196
52.2000000000006 196
52.2500000000006 196
52.3000000000006 196
52.350000000000605 196
52.4000000000006 196
52.4500000000006 196
52.500000000000604 196
52.55000000000061 196
52.600000000000605 196
52.6500000000006 196
52.70000000000061 196
52.75000000000061 196
52.80000000000061 196
52.850000000000605 196
52.90000000000061 196
52.950000000000614 196
53.00000000000061 196
53.05000000000061 196
53.10000000000061 196
53.15000000000062 196
53.200000000000614 196
53.25000000000061 196
53.300000000000615 196
53.35000000000062 196
53.40000000000062 196
53.450000000000614 196
53.50000000000062 196
53.55000000000062 196
53.60000000000062 196
53.65000000000062 196
53.70000000000062 196
53.750000000000625 196
53.80000000000062 196
53.85000000000062 196
53.900000000000624 196
53.95000000000063 196
54.000000000000625 196
54.05000000000062 196
54.10000000000063 196
54.15000000000063 196
54.20000000000063 196
54.250000000000625 196
54.30000000000063 196
54.350000000000634 196
54.40000000000063 196
54.45000000000063 196
54.50000000000063 196
54.55000000000064 196
54.600000000000634 196
54.65000000000063 196
54.700000000000635 196
54.75000000000064 196
54.80000000000064 196
54.850000000000634 196
54.90000000000064 196
54.95000000000064 196
55.00000000000064 196
55.05000000000064 196
55.10000000000064 196
55.150000000000645 196
55.20000000000064 196
55.25000000000064 197
55.300000000000644 198
55.35000000000065 198
55.400000000000645 198
55.45000000000064 198
55.50000000000065 199
55.55000000000065 199
55.60000000000065 199
55.650000000000645 200
55.70000000000065 200
55.750000000000654 201
55.80000000000065 201
55.85000000000065 202
55.90000000000065 202
55.95000000000066 203
56.000000000000654 203
56.05000000000065 204
56.100000000000655 204
56.15000000000066 205
56.20000000000066 206
56.250000000000654 206
56.30000000000066 207
56.35000000000066 207
56.40000000000066 208
56.45000000000066 208
56.50000000000066 208
56.550000000000665 208
56.60000000000066 208
56.65000000000066 208
56.700000000000664 208
56.75000000000067 208
56.800000000000665 208
56.85000000000066 208
56.90000000000067 208
56.95000000000067 208
57.00000000000067 208
57.050000000000665 208
57.10000000000067 208
57.150000000000674 208
57.20000000000067 208
57.25000000000067 208
57.30000000000067 208
57.350000000000676 208
57.400000000000674 208
57.45000000000067 208
57.500000000000675 208
57.55000000000068 208
57.600000000000676 208
57.650000000000674 208
57.70000000000068 208
57.75000000000068 208
57.80000000000068 208
57.850000000000676 208
57.90000000000068 208
57.950000000000685 208
58.00000000000068 208
58.05000000000068 208
58.10000000000068 208
58.15000000000069 208
58.200000000000685 208
58.25000000000068 208
58.300000000000686 208
58.35000000000069 208
58.40000000000069 210
58.450000000000685 211
58.50000000000069 211
58.55000000000069 211
58.60000000000069 211
58.65000000000069 211
58.70000000000069 211
58.750000000000696 211
58.80000000000069 212
58.85000000000069 213
58.900000000000695 213
58.9500000000007 213
59.000000000000696 213
59.05000000000069 213
59.1000000000007 213
59.1500000000007 213
59.2000000000007 213
59.250000000000696 213
59.3000000000007 213
59.350000000000705 213
59.4000000000007 213
59.4500000000007 213
59.5000000000007 213
59.55000000000071 213
59.600000000000705 213
59.6500000000007 213
59.700000000000706 213
59.75000000000071 213
59.80000000000071 213
59.850000000000705 213
59.90000000000071 213
59.95000000000071 213
60.00000000000071 213
60.05000000000071 213
60.10000000000071 213
60.150000000000716 213
60.20000000000071 213
60.25000000000071 213
60.300000000000715 213
60.35000000000072 213
60.400000000000716 213
60.45000000000071 213
60.50000000000072 213
60.55000000000072 213
60.60000000000072 213
60.650000000000716 213
60.70000000000072 213
60.750000000000725 213
60.80000000000072 213
60.85000000000072 213
60.90000000000072 213
60.95000000000073 213
61.000000000000725 213
61.05000000000072 213
61.100000000000726 213
61.15000000000073 213
61.20000000000073 213
61.250000000000725 213
61.30000000000073 213
61.35000000000073 213
61.40000000000073 213
61.45000000000073 213
61.50000000000073 213
61.550000000000736 213
61.60000000000073 213
61.65000000000073 213
61.700000000000735 213
61.75000000000074 213
61.800000000000736 213
61.85000000000073 213
61.90000000000074 213
61.95000000000074 213
62.00000000000074 213
62.050000000000736 213
62.10000000000074 213
62.150000000000745 213
62.20000000000074 213
62.25000000000074 213
62.30000000000074 213
62.35000000000075 213
62.400000000000745 213
62.45000000000074 213
62.500000000000746 213
62.55000000000075 213
62.60000000000075 213
62.650000000000745 213
62.70000000000075 213
62.75000000000075 213
62.80000000000075 213
62.85000000000075 213
62.90000000000075 213
62.950000000000756 213
63.00000000000075 213
63.05000000000075 213
63.100000000000755 213
63.15000000000076 213
63.200000000000756 213
63.25000000000075 213
63.30000000000076 214
63.35000000000076 215
63.40000000000076 216
63.450000000000756 217
63.50000000000076 217
63.550000000000765 219
63.60000000000076 220
63.65000000000076 221
63.70000000000076 221
63.75000000000077 221
63.800000000000765 222
63.85000000000076 223
63.900000000000766 224
63.95000000000077 226
64.00000000000077 227
64.05000000000076 228
64.10000000000076 230
64.15000000000077 231
64.20000000000077 232
64.25000000000077 234
64.30000000000078 235
64.35000000000078 236
64.40000000000077 237
64.45000000000077 238
64.50000000000077 239
64.55000000000078 240
64.60000000000078 239
64.65000000000077 237
64.70000000000078 235
64.75000000000078 234
64.80000000000078 232
64.85000000000078 231
64.90000000000077 229
64.95000000000078 227
65.00000000000078 226
65.05000000000078 225
65.10000000000079 223
65.15000000000079 221
65.20000000000078 219
65.25000000000078 218
65.30000000000078 215
65.35000000000079 213
65.40000000000079 212
65.45000000000078 210
65.5000000000008 209
65.5500000000008 206
65.60000000000079 204
65.65000000000079 203
65.70000000000078 201
65.7500000000008 200
65.8000000000008 200
65.85000000000079 200
65.9000000000008 200
65.9500000000008 200
66.0000000000008 200
66.0500000000008 200
66.10000000000079 200
66.1500000000008 200
66.2000000000008 200
66.2500000000008 200
66.30000000000081 200
66.3500000000008 200
66.4000000000008 200
66.4500000000008 200
66.5000000000008 200
66.55000000000081 200
66.6000000000008 200
66.6500000000008 200
66.70000000000081 200
66.75000000000081 200
66.80000000000081 200
66.8500000000008 200
66.9000000000008 200
66.95000000000081 200
67.00000000000081 200
67.05000000000081 200
67.10000000000082 200
67.15000000000082 200
67.20000000000081 200
67.25000000000081 200
67.30000000000081 200
67.35000000000082 200
67.40000000000082 200
67.45000000000081 200
67.50000000000082 200
67.55000000000082 200
67.60000000000082 200
67.65000000000082 200
67.70000000000081 199
67.75000000000082 197
67.80000000000082 195
67.85000000000082 195
67.90000000000083 195
67.95000000000083 195
68.00000000000082 195
68.05000000000082 195
68.10000000000082 194
68.15000000000083 193
68.20000000000083 193
68.25000000000082 193
68.30000000000084 193
68.35000000000083 193
68.40000000000083 193
68.45000000000083 193
68.50000000000082 193
68.55000000000084 193
68.60000000000083 193
68.65000000000083 193
68.70000000000084 193
68.75000000000084 193
68.80000000000084 193
68.85000000000083 193
68.90000000000083 193
68.95000000000084 193
69.00000000000084 193
69.05000000000084 193
69.10000000000085 193
69.15000000000084 193
69.20000000000084 193
69.25000000000084 193
69.30000000000084 193
69.35000000000085 193
69.40000000000084 193
69.45000000000084 193
69.50000000000085 193
69.55000000000085 193
69.60000000000085 193
69.65000000000084 193
69.70000000000084 193
69.75000000000085 193
69.80000000000085 193
69.85000000000085 193
69.90000000000086 193
69.95000000000086 193
70.00000000000085 193
70.05000000000085 193
70.10000000000085 193
70.15000000000086 193
70.20000000000086 193
70.25000000000085 193
70.30000000000086 193
70.35000000000086 193
70.40000000000086 193
70.45000000000086 193
70.50000000000085 193
70.55000000000086 193
70.60000000000086 193
70.65000000000086 193
70.70000000000087 193
70.75000000000087 193
70.80000000000086 193
70.85000000000086 193
70.90000000000086 193
70.95000000000087 193
71.00000000000087 193
71.05000000000086 193
71.10000000000088 193
71.15000000000087 193
71.20000000000087 193
71.25000000000087 193
71.30000000000086 193
71.35000000000088 193
71.40000000000087 193
71.45000000000087 193
71.50000000000088 193
71.55000000000088 193
71.60000000000088 193
71.65000000000087 193
71.70000000000087 193
71.75000000000088 193
71.80000000000088 193
71.85000000000088 193
71.90000000000089 193
71.95000000000088 193
72.00000000000088 193
72.05000000000088 193
72.10000000000088 193
72.15000000000089 192
72.20000000000088 191
72.25000000000088 190
72.30000000000089 189
72.35000000000089 188
72.40000000000089 188
72.45000000000088 187
72.50000000000088 185
72.55000000000089 184
72.60000000000089 183
72.65000000000089 183
72.7000000000009 183
72.7500000000009 183
72.80000000000089 182
72.85000000000089 180
72.90000000000089 179
72.9500000000009 178
73.0000000000009 176
73.05000000000089 175
73.1000000000009 174
73.1500000000009 173
73.2000000000009 172
73.2500000000009 170
73.30000000000089 168
73.3500000000009 168
73.4000000000009 168
73.4500000000009 168
73.50000000000091 168
73.5500000000009 168
73.6000000000009 168
73.6500000000009 168
73.7000000000009 168
73.75000000000091 168
73.8000000000009 168
73.8500000000009 168
73.90000000000092 168
73.95000000000091 168
74.00000000000091 168
74.0500000000009 168
74.1000000000009 168
74.15000000000092 168
74.20000000000091 164
74.25000000000091 160
74.30000000000092 156
74.35000000000092 152
74.40000000000092 168
74.45000000000091 168
74.50000000000091 168
74.55000000000092 168
74.60000000000092 168
74.65000000000092 168
74.70000000000093 168
74.75000000000092 168
74.80000000000092 168
74.85000000000092 168
74.90000000000092 168
74.95000000000093 168
75.00000000000092 168
75.05000000000092 168
75.10000000000093 168
75.15000000000093 168
75.20000000000093 168
75.25000000000092 168
75.30000000000092 168
75.35000000000093 168
75.40000000000093 168
75.45000000000093 168
75.50000000000094 168
75.55000000000094 168
75.60000000000093 168
75.65000000000093 168
75.70000000000093 168
75.75000000000094 168
75.80000000000094 168
75.85000000000093 168
75.90000000000094 168
75.95000000000094 168
76.00000000000094 168
76.05000000000094 168
76.10000000000093 168
76.15000000000094 168
76.20000000000094 168
76.25000000000094 168
76.30000000000095 172
76.35000000000095 172
76.40000000000094 172
76.45000000000094 172
76.50000000000094 172
76.55000000000095 172
76.60000000000095 172
76.65000000000094 172
76.70000000000095 172
76.75000000000095 172
76.80000000000095 172
76.85000000000095 172
76.90000000000094 172
76.95000000000095 172
77.00000000000095 172
77.05000000000095 172
77.10000000000096 172
77.15000000000096 172
77.20000000000095 172
77.25000000000095 172
77.30000000000095 172
77.35000000000096 172
77.40000000000096 172
77.45000000000095 172
77.50000000000097 172
77.55000000000096 172
77.60000000000096 172
77.65000000000096 172
77.70000000000095 172
77.75000000000097 172
77.80000000000096 172
77.85000000000096 172
77.90000000000097 172
77.95000000000097 172
78.00000000000097 172
78.05000000000096 172
78.10000000000096 172
78.15000000000097 172
78.20000000000097 172
78.25000000000097 172
78.30000000000098 172
78.35000000000097 172
78.40000000000097 172
78.45000000000097 172
78.50000000000097 172
78.55000000000098 172
78.60000000000097 172
78.65000000000097 172
78.70000000000098 172
78.75000000000098 172
78.80000000000098 172
78.85000000000097 172
78.90000000000097 172
78.95000000000098 172
79.00000000000098 172
79.05000000000098 172
79.10000000000099 172
79.15000000000099 172
79.20000000000098 172
79.25000000000098 172
79.30000000000098 172
79.35000000000099 172
79.40000000000099 172
79.45000000000098 172
79.500000000001 172
79.55000000000099 172
79.60000000000099 172
79.65000000000099 172
79.70000000000098 172
79.750000000001 172
79.80000000000099 172
79.85000000000099 172
79.900000000001 172
79.950000000001 172
80.000000000001 172
80.05000000000099 172
80.10000000000099 174
80.150000000001 174
80.200000000001 174
80.250000000001 175
80.300000000001 175
80.350000000001 176
80.400000000001 177
80.450000000001 177
80.500000000001 177
80.550000000001 177
80.600000000001 177
80.650000000001 178
80.70000000000101 179
80.75000000000101 179
80.800000000001 180
80.850000000001 180
80.900000000001 181
80.95000000000101 181
81.00000000000101 182
81.050000000001 182
81.10000000000102 183
81.15000000000101 183
81.20000000000101 184
81.25000000000101 184
81.300000000001 185
81.35000000000102 185
81.40000000000101 186
81.45000000000101 186
81.50000000000102 187
81.55000000000102 187
81.60000000000102 187
81.65000000000101 188
81.70000000000101 188
81.75000000000102 188
81.80000000000102 189
81.85000000000102 189
81.90000000000103 190
81.95000000000103 190
82.00000000000102 190
82.05000000000102 191
82.10000000000102 191
82.15000000000103 191
82.20000000000103 191
82.25000000000102 191
82.30000000000103 191
82.35000000000103 191
82.40000000000103 191
82.45000000000103 191
82.50000000000102 191
82.55000000000103 191
82.60000000000103 191
82.65000000000103 191
82.70000000000104 191
82.75000000000104 191
82.80000000000103 191
82.85000000000103 191
82.90000000000103 191
82.95000000000104 191
83.00000000000104 191
83.05000000000103 191
83.10000000000105 191
83.15000000000104 191
83.20000000000104 191
83.25000000000104 191
83.30000000000103 191
83.35000000000105 191
83.40000000000104 191
83.45000000000104 191
83.50000000000105 191
83.55000000000105 191
83.60000000000105 191
83.65000000000104 191
83.70000000000104 191
83.75000000000105 191
83.80000000000105 191
83.85000000000105 191
83.90000000000106 191
83.95000000000105 191
84.00000000000105 191
84.05000000000105 191
84.10000000000105 192
84.15000000000106 193
84.20000000000105 193
84.25000000000105 193
84.30000000000106 193
84.35000000000106 193
84.40000000000106 194
84.45000000000105 194
84.50000000000105 194
84.55000000000106 194
84.60000000000106 194
84.65000000000106 194
84.70000000000107 194
84.75000000000107 194
84.80000000000106 194
84.85000000000106 194
84.90000000000106 194
84.95000000000107 194
85.00000000000107 194
85.05000000000106 194
85.10000000000107 194
85.15000000000107 194
85.20000000000107 194
85.25000000000107 194
85.30000000000106 194
85.35000000000107 194
85.40000000000107 194
85.45000000000107 194
85.50000000000108 194
85.55000000000108 194
85.60000000000107 194
85.65000000000107 194
85.70000000000107 194
85.75000000000108 194
85.80000000000108 194
85.85000000000107 194
85.90000000000109 194
85.95000000000108 194
86.00000000000108 194
86.05000000000108 194
86.10000000000107 194
86.15000000000109 194
86.20000000000108 194
86.25000000000108 194
86.30000000000109 194
86.35000000000109 194
86.40000000000109 194
86.45000000000108 194
86.50000000000108 194
86.55000000000109 194
86.60000000000109 194
86.65000000000109 194
86.7000000000011 194
86.7500000000011 194
86.80000000000109 194
86.85000000000109 194
86.90000000000109 194
86.9500000000011 194
87.0000000000011 194
87.05000000000109 194
87.1000000000011 194
87.1500000000011 194
87.2000000000011 194
87.2500000000011 194
87.30000000000109 194
87.3500000000011 194
87.4000000000011 194
87.4500000000011 194
87.50000000000111 194
87.5500000000011 194
87.6000000000011 194
87.6500000000011 194
87.7000000000011 194
87.75000000000111 194
87.8000000000011 194
87.8500000000011 194
87.90000000000111 194
87.95000000000111 194
88.00000000000111 194
88.0500000000011 194
88.1000000000011 194
88.15000000000111 194
88.20000000000111 194
88.25000000000111 194
88.30000000000112 194
88.35000000000112 194
88.40000000000111 194
88.45000000000111 194
88.50000000000111 194
88.55000000000112 194
88.60000000000112 194
88.65000000000111 196
88.70000000000113 197
88.75000000000112 199
88.80000000000112 199
88.85000000000112 201
88.90000000000111 202
88.95000000000113 203
89.00000000000112 205
89.05000000000112 207
89.10000000000113 209
89.15000000000113 209
89.20000000000113 209
89.25000000000112 209
89.30000000000112 209
89.35000000000113 210
89.40000000000113 212
89.45000000000113 215
89.50000000000114 217
89.55000000000113 219
89.60000000000113 221
89.65000000000113 223
89.70000000000113 225
89.75000000000114 227
89.80000000000113 229
89.85000000000113 231
89.90000000000114 233
89.95000000000114 235
90.00000000000114 237
90.05000000000113 240
90.10000000000113 242
90.15000000000114 244
90.20000000000114 246
90.25000000000114 248
90.30000000000115 250
90.35000000000115 252
90.40000000000114 254
90.45000000000114 256
90.50000000000114 258
90.55000000000115 260
90.60000000000115 262
90.65000000000114 265
90.70000000000115 267
90.75000000000115 269
90.80000000000115 271
90.85000000000115 273
90.90000000000114 275
90.95000000000115 277
91.00000000000115 279
91.05000000000115 281
91.10000000000116 282
91.15000000000116 283
91.20000000000115 283
91.25000000000115 283
91.30000000000115 283
91.35000000000116 283
91.40000000000116 283
91.45000000000115 283
91.50000000000117 283
91.55000000000116 283
91.60000000000116 283
91.65000000000116 283
91.70000000000115 283
91.75000000000117 283
91.80000000000116 283
91.85000000000116 283
91.90000000000117 283
91.95000000000117 283
92.00000000000117 283
92.05000000000116 283
92.10000000000116 283
92.15000000000117 283
92.20000000000117 283
92.25000000000117 283
92.30000000000118 283
92.35000000000117 283
92.40000000000117 283
92.45000000000117 283
92.50000000000117 283
92.55000000000118 283
92.60000000000117 283
92.65000000000117 283
92.70000000000118 283
92.75000000000118 283
92.80000000000118 283
92.85000000000117 283
92.90000000000117 283
92.95000000000118 283
93.00000000000118 283
93.05000000000118 283
93.10000000000119 283
93.15000000000119 283
93.20000000000118 284
93.25000000000118 286
93.30000000000118 287
93.35000000000119 287
93.40000000000119 287
93.45000000000118 287
93.5000000000012 287
93.55000000000119 288
93.60000000000119 290
93.65000000000119 292
93.70000000000118 292
93.7500000000012 292
93.80000000000119 292
93.85000000000119 292
93.9000000000012 292
93.9500000000012 292
94.0000000000012 292
94.05000000000119 292
94.10000000000119 292
94.1500000000012 292
94.2000000000012 292
94.2500000000012 292
94.3000000000012 292
94.3500000000012 292
94.4000000000012 292
94.4500000000012 292
94.5000000000012 292
94.5500000000012 292
94.6000000000012 292
94.6500000000012 292
94.70000000000121 292
94.75000000000121 292
94.8000000000012 292
94.8500000000012 292
94.9000000000012 292
94.95000000000121 292
95.00000000000121 292
95.0500000000012 292
95.10000000000122 292
95.15000000000121 292
95.20000000000121 292
95.25000000000121 292
95.3000000000012 292
95.35000000000122 292
95.40000000000121 292
95.45000000000121 292
95.50000000000122 292
95.55000000000122 292
95.60000000000122 292
95.65000000000121 292
95.70000000000121 292
95.75000000000122 292
95.80000000000122 292
95.85000000000122 292
95.90000000000123 292
95.95000000000122 292
96.00000000000122 292
96.05000000000122 292
96.10000000000122 292
96.15000000000123 292
96.20000000000122 292
96.25000000000122 292
96.30000000000123 292
96.35000000000123 292
96.40000000000123 292
96.45000000000122 292
96.50000000000122 292
96.55000000000123 292
96.60000000000123 292
96.65000000000123 292
96.70000000000124 292
96.75000000000124 292
96.80000000000123 292
96.85000000000123 292
96.90000000000123 292
96.95000000000124 292
97.00000000000124 292
97.05000000000123 292
97.10000000000124 292
97.15000000000124 292
97.20000000000124 292
97.25000000000124 292
97.30000000000123 292
97.35000000000124 292
97.40000000000124 292
97.45000000000124 292
97.50000000000125 292
97.55000000000125 292
97.60000000000124 292
97.65000000000124 292
97.70000000000124 292
97.75000000000125 292
97.80000000000125 292
97.85000000000124 292
97.90000000000126 292
97.95000000000125 292
98.00000000000125 293
98.05000000000125 292
98.10000000000124 288
98.15000000000126 288
98.20000000000125 284
98.25000000000125 283
98.30000000000126 282
98.35000000000126 279
98.40000000000126 276
98.45000000000125 274
98.50000000000125 273
98.55000000000126 273
98.60000000000126 273
98.65000000000126 272
98.70000000000127 271
98.75000000000126 267
98.80000000000126 263
98.85000000000126 260
98.90000000000126 257
98.95000000000127 254
99.00000000000126 251
99.05000000000126 247
99.10000000000127 244
99.15000000000127 241
99.20000000000127 238
99.25000000000126 234
99.30000000000126 231
99.35000000000127 227
99.40000000000127 223
99.45000000000127 220
99.50000000000128 217
99.55000000000128 214
99.60000000000127 211
99.65000000000127 207
99.70000000000127 204
99.75000000000128 202
99.80000000000128 200
99.85000000000127 198
99.90000000000128 196
99.95000000000128 194
