10.75000000000001 10
10.800000000000011 10
10.850000000000012 10
10.900000000000013 10
10.950000000000014 10
11.000000000000014 10
11.050000000000015 10
11.100000000000016 10
11.150000000000016 10
11.200000000000017 11
11.250000000000018 12
11.300000000000018 14
11.35000000000002 15
11.40000000000002 17
11.45000000000002 19
11.500000000000021 20
11.550000000000022 20
11.600000000000023 20
11.650000000000023 20
11.700000000000024 20
11.750000000000025 20
11.800000000000026 20
11.850000000000026 20
11.900000000000027 20
11.950000000000028 20
12.000000000000028 20
12.05000000000003 22
12.10000000000003 23
12.15000000000003 24
12.200000000000031 26
12.250000000000032 29
12.300000000000033 29
12.350000000000033 29
12.400000000000034 29
12.450000000000035 29
12.500000000000036 29
12.550000000000036 29
12.600000000000037 29
12.650000000000038 29
12.700000000000038 29
12.750000000000039 29
12.80000000000004 29
12.85000000000004 29
12.900000000000041 29
12.950000000000042 29
13.000000000000043 29
13.050000000000043 29
13.100000000000044 29
13.150000000000045 29
13.200000000000045 29
13.250000000000046 29
13.300000000000047 29
13.350000000000048 29
13.400000000000048 29
13.450000000000049 29
13.50000000000005 29
13.55000000000005 29
13.600000000000051 30
13.650000000000052 30
13.700000000000053 30
13.750000000000053 30
13.800000000000054 30
13.850000000000055 30
13.900000000000055 30
13.950000000000056 30
14.000000000000057 31
14.050000000000058 31
14.100000000000058 31
14.150000000000059 31
14.20000000000006 31
14.25000000000006 31
14.300000000000061 31
14.350000000000062 31
14.400000000000063 31
14.450000000000063 31
14.500000000000064 31
14.550000000000065 31
14.600000000000065 31
14.650000000000066 31
14.700000000000067 31
14.750000000000068 31
14.800000000000068 31
14.850000000000069 31
14.90000000000007 31
14.95000000000007 31
15.000000000000071 31
15.050000000000072 32
15.100000000000072 33
15.150000000000073 34
15.200000000000074 34
15.250000000000075 34
15.300000000000075 35
15.350000000000076 36
15.400000000000077 36
15.450000000000077 37
15.500000000000078 38
15.550000000000079 38
15.60000000000008 39
15.65000000000008 39
15.700000000000081 39
15.750000000000082 40
15.800000000000082 41
15.850000000000083 41
15.900000000000084 42
15.950000000000085 42
16.000000000000085 42
16.050000000000086 42
16.100000000000087 42
16.150000000000087 42
16.200000000000088 42
16.25000000000009 42
16.30000000000009 42
16.35000000000009 42
16.40000000000009 42
16.45000000000009 42
16.500000000000092 42
16.550000000000093 42
16.600000000000094 42
16.650000000000095 42
16.700000000000095 42
16.750000000000096 42
16.800000000000097 42
16.850000000000097 42
16.900000000000098 42
16.9500000000001 42
17.0000000000001 42
17.0500000000001 42
17.1000000000001 42
17.1500000000001 44
17.200000000000102 45
17.250000000000103 45
17.300000000000104 47
17.350000000000104 47
17.400000000000105 47
17.450000000000106 49
17.500000000000107 51
17.550000000000107 51
17.600000000000108 52
17.65000000000011 53
17.70000000000011 55
17.75000000000011 55
17.80000000000011 56
17.85000000000011 57
17.900000000000112 57
17.950000000000113 58
18.000000000000114 59
18.050000000000114 61
18.100000000000115 61
18.150000000000116 62
18.200000000000117 63
18.250000000000117 63
18.300000000000118 63
18.35000000000012 63
18.40000000000012 63
18.45000000000012 63
18.50000000000012 63
18.55000000000012 63
18.600000000000122 63
18.650000000000123 63
18.700000000000124 63
18.750000000000124 63
18.800000000000125 63
18.850000000000126 63
18.900000000000126 63
18.950000000000127 63
19.000000000000128 63
19.05000000000013 63
19.10000000000013 63
19.15000000000013 63
19.20000000000013 63
19.25000000000013 63
19.300000000000132 63
19.350000000000133 63
19.400000000000134 63
19.450000000000134 63
19.500000000000135 63
19.550000000000136 63
19.600000000000136 63
19.650000000000137 63
19.700000000000138 63
19.75000000000014 63
19.80000000000014 63
19.85000000000014 63
19.90000000000014 63
19.95000000000014 63
20.000000000000142 63
20.050000000000143 65
20.100000000000144 67
20.150000000000144 67
20.200000000000145 68
20.250000000000146 70
20.300000000000146 70
20.350000000000147 71
20.400000000000148 71
20.45000000000015 71
20.50000000000015 72
20.55000000000015 74
20.60000000000015 76
20.65000000000015 76
20.700000000000152 76
20.750000000000153 77
20.800000000000153 79
20.850000000000154 81
20.900000000000155 82
20.950000000000156 82
21.000000000000156 82
21.050000000000157 84
21.100000000000158 85
21.15000000000016 85
21.20000000000016 85
21.25000000000016 86
21.30000000000016 88
21.35000000000016 89
21.400000000000162 91
21.450000000000163 91
21.500000000000163 92
21.550000000000164 93
21.600000000000165 93
21.650000000000166 94
21.700000000000166 94
21.750000000000167 94
21.800000000000168 94
21.85000000000017 94
21.90000000000017 94
21.95000000000017 94
22.00000000000017 94
22.05000000000017 94
22.100000000000172 94
22.150000000000173 94
22.200000000000173 94
22.250000000000174 94
22.300000000000175 94
22.350000000000176 94
22.400000000000176 94
22.450000000000177 94
22.500000000000178 94
22.55000000000018 94
22.60000000000018 94
22.65000000000018 94
22.70000000000018 94
22.75000000000018 94
22.800000000000182 94
22.850000000000183 94
22.900000000000183 94
22.950000000000184 94
23.000000000000185 94
23.050000000000185 94
23.100000000000186 94
23.150000000000187 94
23.200000000000188 94
23.25000000000019 94
23.30000000000019 94
23.35000000000019 94
23.40000000000019 94
23.45000000000019 94
23.500000000000192 94
23.550000000000193 94
23.600000000000193 94
23.650000000000194 94
23.700000000000195 94
23.750000000000195 94
23.800000000000196 94
23.850000000000197 94
23.900000000000198 94
23.9500000000002 94
24.0000000000002 94
24.0500000000002 94
24.1000000000002 94
24.1500000000002 94
24.200000000000202 94
24.250000000000203 94
24.300000000000203 94
24.350000000000204 95
24.400000000000205 96
24.450000000000205 99
24.500000000000206 101
24.550000000000207 101
24.600000000000207 101
24.650000000000208 101
24.70000000000021 103
24.75000000000021 105
24.80000000000021 106
24.85000000000021 106
24.90000000000021 106
24.950000000000212 106
25.000000000000213 106
25.050000000000214 107
25.100000000000215 109
25.150000000000215 111
25.200000000000216 113
25.250000000000217 114
25.300000000000217 114
25.350000000000218 114
25.40000000000022 114
25.45000000000022 116
25.50000000000022 118
25.55000000000022 119
25.60000000000022 120
25.650000000000222 122
25.700000000000223 123
25.750000000000224 123
25.800000000000225 123
25.850000000000225 123
25.900000000000226 125
25.950000000000227 127
26.000000000000227 128
26.050000000000228 128
26.10000000000023 128
26.15000000000023 129
26.20000000000023 129
26.25000000000023 132
26.30000000000023 132
26.350000000000232 134
26.400000000000233 135
26.450000000000234 136
26.500000000000234 136
26.550000000000235 137
26.600000000000236 138
26.650000000000237 138
26.700000000000237 139
26.750000000000238 139
26.80000000000024 140
26.85000000000024 141
26.90000000000024 141
26.95000000000024 141
27.00000000000024 141
27.050000000000242 141
27.100000000000243 141
27.150000000000244 141
27.200000000000244 141
27.250000000000245 141
27.300000000000246 141
27.350000000000247 141
27.400000000000247 141
27.450000000000248 141
27.50000000000025 141
27.55000000000025 141
27.60000000000025 141
27.65000000000025 141
27.70000000000025 141
27.750000000000252 141
27.800000000000253 141
27.850000000000254 141
27.900000000000254 141
27.950000000000255 141
28.000000000000256 141
28.050000000000257 141
28.100000000000257 141
28.150000000000258 141
28.20000000000026 141
28.25000000000026 141
28.30000000000026 141
28.35000000000026 141
28.40000000000026 141
28.450000000000262 141
28.500000000000263 141
28.550000000000264 141
28.600000000000264 141
28.650000000000265 141
28.700000000000266 141
28.750000000000266 141
28.800000000000267 141
28.850000000000268 141
28.90000000000027 141
28.95000000000027 141
29.00000000000027 141
29.05000000000027 141
29.10000000000027 141
29.150000000000272 141
29.200000000000273 141
29.250000000000274 141
29.300000000000274 141
29.350000000000275 141
29.400000000000276 141
29.450000000000276 141
29.500000000000277 141
29.550000000000278 141
29.60000000000028 141
29.65000000000028 141
29.70000000000028 141
29.75000000000028 141
29.80000000000028 141
29.850000000000282 141
29.900000000000283 141
29.950000000000284 141
30.000000000000284 141
30.050000000000285 141
30.100000000000286 141
30.150000000000286 141
30.200000000000287 141
30.250000000000288 141
30.30000000000029 141
30.35000000000029 141
30.40000000000029 141
30.45000000000029 141
30.50000000000029 141
30.550000000000292 141
30.600000000000293 141
30.650000000000293 141
30.700000000000294 141
30.750000000000295 141
30.800000000000296 141
30.850000000000296 141
30.900000000000297 142
30.950000000000298 144
31.0000000000003 145
31.0500000000003 148
31.1000000000003 150
31.1500000000003 151
31.2000000000003 151
31.250000000000302 151
31.300000000000303 151
31.350000000000303 152
31.400000000000304 154
31.450000000000305 156
31.500000000000306 158
31.550000000000306 158
31.600000000000307 159
31.650000000000308 159
31.70000000000031 159
31.75000000000031 159
31.80000000000031 159
31.85000000000031 159
31.90000000000031 159
31.950000000000312 160
32.00000000000031 161
32.05000000000031 163
32.100000000000314 166
32.15000000000032 168
32.200000000000315 170
32.25000000000031 171
32.30000000000032 171
32.35000000000032 171
32.40000000000032 171
32.450000000000315 171
32.50000000000032 172
32.550000000000324 174
32.60000000000032 176
32.65000000000032 178
32.70000000000032 178
32.75000000000033 179
32.800000000000324 181
32.85000000000032 183
32.900000000000325 184
32.95000000000033 185
33.00000000000033 185
33.050000000000324 185
33.10000000000033 185
33.15000000000033 185
33.20000000000033 186
33.25000000000033 188
33.30000000000033 190
33.350000000000335 192
33.40000000000033 192
33.45000000000033 192
33.500000000000334 192
33.55000000000034 192
33.600000000000335 192
33.65000000000033 194
33.70000000000034 194
33.75000000000034 196
33.80000000000034 198
33.850000000000335 198
33.90000000000034 199
33.950000000000344 202
34.00000000000034 203
34.05000000000034 204
34.10000000000034 204
34.15000000000035 204
34.200000000000344 205
34.25000000000034 206
34.300000000000345 207
34.35000000000035 207
34.40000000000035 209
34.450000000000344 209
34.50000000000035 209
34.55000000000035 210
34.60000000000035 211
34.65000000000035 211
34.70000000000035 211
34.750000000000355 211
34.80000000000035 211
34.85000000000035 211
34.900000000000354 212
34.95000000000036 212
35.000000000000355 212
35.05000000000035 212
35.10000000000036 212
35.15000000000036 212
35.20000000000036 212
35.250000000000355 212
35.30000000000036 212
35.350000000000364 212
35.40000000000036 212
35.45000000000036 212
35.50000000000036 212
35.55000000000037 212
35.600000000000364 212
35.65000000000036 212
35.700000000000365 212
35.75000000000037 212
35.80000000000037 212
35.850000000000364 212
35.90000000000037 212
35.95000000000037 212
36.00000000000037 212
36.05000000000037 212
36.10000000000037 212
36.150000000000375 212
36.20000000000037 212
36.25000000000037 212
36.300000000000374 212
36.35000000000038 212
36.400000000000375 212
36.45000000000037 212
36.50000000000038 212
36.55000000000038 212
36.60000000000038 212
36.650000000000375 212
36.70000000000038 212
36.750000000000384 212
36.80000000000038 212
36.85000000000038 212
36.90000000000038 212
36.95000000000039 212
37.000000000000384 212
37.05000000000038 212
37.100000000000385 212
37.15000000000039 212
37.20000000000039 212
37.250000000000384 212
37.30000000000039 212
37.35000000000039 212
37.40000000000039 212
37.45000000000039 212
37.50000000000039 212
37.550000000000395 212
37.60000000000039 212
37.65000000000039 212
37.700000000000394 212
37.7500000000004 212
37.800000000000395 212
37.85000000000039 212
37.9000000000004 212
37.9500000000004 212
38.0000000000004 212
38.050000000000395 212
38.1000000000004 212
38.150000000000404 212
38.2000000000004 212
38.2500000000004 212
38.3000000000004 212
38.350000000000406 212
38.400000000000404 212
38.4500000000004 212
38.500000000000405 212
38.55000000000041 212
38.600000000000406 212
38.650000000000404 212
38.70000000000041 212
38.75000000000041 212
38.80000000000041 212
38.850000000000406 212
38.90000000000041 212
38.950000000000415 212
39.00000000000041 212
39.05000000000041 212
39.10000000000041 212
39.15000000000042 212
39.200000000000415 212
39.25000000000041 212
39.300000000000416 212
39.35000000000042 212
39.40000000000042 212
39.450000000000415 212
39.50000000000042 212
39.55000000000042 212
39.60000000000042 212
39.65000000000042 212
39.70000000000042 212
39.750000000000426 212
39.80000000000042 212
39.85000000000042 212
39.900000000000425 212
39.95000000000043 212
40.000000000000426 212
40.05000000000042 212
40.10000000000043 212
40.15000000000043 212
40.20000000000043 212
40.250000000000426 212
40.30000000000043 212
40.350000000000435 212
40.40000000000043 212
40.45000000000043 212
40.50000000000043 212
40.55000000000044 212
40.600000000000435 212
40.65000000000043 212
40.700000000000436 212
40.75000000000044 212
40.80000000000044 212
40.850000000000435 212
40.90000000000044 212
40.95000000000044 212
41.00000000000044 212
41.05000000000044 212
41.10000000000044 212
41.150000000000446 212
41.20000000000044 212
41.25000000000044 212
41.300000000000445 212
41.35000000000045 212
41.400000000000446 212
41.45000000000044 212
41.50000000000045 212
41.55000000000045 212
41.60000000000045 212
41.650000000000446 212
41.70000000000045 212
41.750000000000455 212
41.80000000000045 212
41.85000000000045 212
41.90000000000045 212
41.95000000000046 212
42.000000000000455 212
42.05000000000045 212
42.100000000000456 212
42.15000000000046 212
42.20000000000046 212
42.250000000000455 212
42.30000000000046 212
42.35000000000046 212
42.40000000000046 212
42.45000000000046 212
42.50000000000046 212
42.550000000000466 212
42.60000000000046 212
42.65000000000046 212
42.700000000000465 212
42.75000000000047 212
42.800000000000466 212
42.85000000000046 212
42.90000000000047 212
42.95000000000047 212
43.00000000000047 212
43.050000000000466 212
43.10000000000047 212
43.150000000000475 212
43.20000000000047 211
43.25000000000047 210
43.30000000000047 208
43.35000000000048 208
43.400000000000475 208
43.45000000000047 208
43.500000000000476 207
43.55000000000048 206
43.60000000000048 206
43.650000000000475 206
43.70000000000048 205
43.75000000000048 205
43.80000000000048 205
43.85000000000048 204
43.90000000000048 204
43.950000000000486 203
44.00000000000048 203
44.05000000000048 203
44.100000000000485 203
44.15000000000049 203
44.200000000000486 203
44.25000000000048 203
44.30000000000049 203
44.35000000000049 203
44.40000000000049 203
44.450000000000486 203
44.50000000000049 203
44.550000000000495 203
44.60000000000049 203
44.65000000000049 203
44.70000000000049 203
44.7500000000005 203
44.800000000000495 203
44.85000000000049 203
44.900000000000496 203
44.9500000000005 203
45.0000000000005 203
45.050000000000495 203
45.1000000000005 203
45.1500000000005 203
45.2000000000005 203
45.2500000000005 203
45.3000000000005 203
45.350000000000506 203
45.4000000000005 203
45.4500000000005 203
45.500000000000504 203
45.55000000000051 203
45.600000000000506 203
45.6500000000005 203
45.70000000000051 203
45.75000000000051 203
45.80000000000051 203
45.850000000000506 203
45.90000000000051 203
45.950000000000514 203
46.00000000000051 203
46.05000000000051 203
46.10000000000051 203
46.15000000000052 203
46.200000000000514 203
46.25000000000051 203
46.300000000000516 203
46.35000000000052 203
46.40000000000052 203
46.450000000000514 203
46.50000000000052 203
46.55000000000052 203
46.60000000000052 203
46.65000000000052 203
46.70000000000052 203
46.750000000000526 203
46.80000000000052 203
46.85000000000052 203
46.900000000000524 203
46.95000000000053 203
47.000000000000526 203
47.05000000000052 203
47.10000000000053 203
47.15000000000053 203
47.20000000000053 203
47.250000000000526 203
47.30000000000053 203
47.350000000000534 203
47.40000000000053 203
47.45000000000053 203
47.50000000000053 203
47.55000000000054 203
47.600000000000534 203
47.65000000000053 203
47.700000000000536 203
47.75000000000054 203
47.80000000000054 203
47.850000000000534 203
47.90000000000054 203
47.95000000000054 203
48.00000000000054 203
48.05000000000054 203
48.10000000000054 203
48.150000000000546 203
48.20000000000054 203
48.25000000000054 203
48.300000000000544 203
48.35000000000055 203
48.400000000000546 203
48.45000000000054 203
48.50000000000055 203
48.55000000000055 203
48.60000000000055 203
48.650000000000546 203
48.70000000000055 203
48.750000000000554 203
48.80000000000055 203
48.85000000000055 203
48.90000000000055 203
48.95000000000056 203
49.000000000000554 203
49.05000000000055 203
49.100000000000556 203
49.15000000000056 203
49.20000000000056 203
49.250000000000554 203
49.30000000000056 203
49.35000000000056 203
49.40000000000056 203
49.45000000000056 203
49.50000000000056 203
49.550000000000566 203
49.60000000000056 203
49.65000000000056 202
49.700000000000564 200
49.75000000000057 199
49.800000000000566 198
49.85000000000056 196
49.90000000000057 196
49.95000000000057 195
50.00000000000057 195
50.050000000000566 195
50.10000000000057 195
50.150000000000574 195
50.20000000000057 195
50.25000000000057 195
50.30000000000057 195
50.35000000000058 195
50.400000000000574 195
50.45000000000057 195
50.500000000000576 195
50.55000000000058 195
50.60000000000058 195
50.650000000000574 195
50.70000000000058 195
50.75000000000058 195
50.80000000000058 195
50.85000000000058 195
50.90000000000058 195
50.950000000000585 195
51.00000000000058 195
51.05000000000058 195
51.100000000000584 195
51.15000000000059 195
51.200000000000585 195
51.25000000000058 195
51.30000000000059 195
51.35000000000059 195
51.40000000000059 195
51.450000000000585 195
51.50000000000059 195
51.550000000000594 195
51.60000000000059 195
51.65000000000059 195
51.70000000000059 195
51.7500000000006 195
51.800000000000594 195
51.85000000000059 195
51.900000000000595 195
51.9500000000006 195
52.0000000000006 195
52.050000000000594 195
52.1000000000006 193
52.1500000000006 192
52.2000000000006 191
52.2500000000006 191
52.3000000000006 191
52.350000000000605 191
52.4000000000006 191
52.4500000000006 191
52.500000000000604 191
52.55000000000061 191
52.600000000000605 191
52.6500000000006 191
52.70000000000061 191
52.75000000000061 191
52.80000000000061 191
52.850000000000605 191
52.90000000000061 191
52.950000000000614 191
53.00000000000061 189
53.05000000000061 188
53.10000000000061 186
53.15000000000062 186
53.200000000000614 186
53.25000000000061 186
53.300000000000615 186
53.35000000000062 186
53.40000000000062 186
53.450000000000614 186
53.50000000000062 186
53.55000000000062 186
53.60000000000062 186
53.65000000000062 186
53.70000000000062 186
53.750000000000625 186
53.80000000000062 186
53.85000000000062 186
53.900000000000624 186
53.95000000000063 186
54.000000000000625 186
54.05000000000062 186
54.10000000000063 184
54.15000000000063 183
54.20000000000063 182
54.250000000000625 182
54.30000000000063 182
54.350000000000634 182
54.40000000000063 182
54.45000000000063 182
54.50000000000063 182
54.55000000000064 182
54.600000000000634 182
54.65000000000063 182
54.700000000000635 182
54.75000000000064 182
54.80000000000064 182
54.850000000000634 182
54.90000000000064 181
54.95000000000064 180
55.00000000000064 180
55.05000000000064 180
55.10000000000064 178
55.150000000000645 177
55.20000000000064 177
55.25000000000064 177
55.300000000000644 177
55.35000000000065 175
55.400000000000645 175
55.45000000000064 175
55.50000000000065 174
55.55000000000065 174
55.60000000000065 174
55.650000000000645 174
55.70000000000065 172
55.750000000000654 172
55.80000000000065 172
55.85000000000065 172
55.90000000000065 171
55.95000000000066 171
56.000000000000654 171
56.05000000000065 171
56.100000000000655 169
56.15000000000066 169
56.20000000000066 169
56.250000000000654 169
56.30000000000066 169
56.35000000000066 169
56.40000000000066 169
56.45000000000066 169
56.50000000000066 169
56.550000000000665 169
56.60000000000066 169
56.65000000000066 169
56.700000000000664 169
56.75000000000067 169
56.800000000000665 169
56.85000000000066 169
56.90000000000067 169
56.95000000000067 169
57.00000000000067 169
57.050000000000665 169
57.10000000000067 169
57.150000000000674 169
57.20000000000067 169
57.25000000000067 169
57.30000000000067 169
57.350000000000676 169
57.400000000000674 169
57.45000000000067 169
57.500000000000675 169
57.55000000000068 169
57.600000000000676 169
57.650000000000674 169
57.70000000000068 169
57.75000000000068 169
57.80000000000068 169
57.850000000000676 169
57.90000000000068 169
57.950000000000685 169
58.00000000000068 169
58.05000000000068 169
58.10000000000068 169
58.15000000000069 169
58.200000000000685 169
58.25000000000068 169
58.300000000000686 169
58.35000000000069 169
58.40000000000069 169
58.450000000000685 169
58.50000000000069 169
58.55000000000069 169
58.60000000000069 169
58.65000000000069 169
58.70000000000069 169
58.750000000000696 169
58.80000000000069 169
58.85000000000069 169
58.900000000000695 169
58.9500000000007 169
59.000000000000696 169
59.05000000000069 169
59.1000000000007 169
59.1500000000007 169
59.2000000000007 169
59.250000000000696 169
59.3000000000007 169
59.350000000000705 169
59.4000000000007 169
59.4500000000007 169
59.5000000000007 169
59.55000000000071 169
59.600000000000705 169
59.6500000000007 169
59.700000000000706 169
59.75000000000071 169
59.80000000000071 169
59.850000000000705 169
59.90000000000071 169
59.95000000000071 169
60.00000000000071 169
60.05000000000071 169
60.10000000000071 169
60.150000000000716 169
60.20000000000071 169
60.25000000000071 169
60.300000000000715 169
60.35000000000072 169
60.400000000000716 169
60.45000000000071 169
60.50000000000072 169
60.55000000000072 169
60.60000000000072 169
60.650000000000716 169
60.70000000000072 169
60.750000000000725 169
60.80000000000072 169
60.85000000000072 169
60.90000000000072 169
60.95000000000073 169
61.000000000000725 169
61.05000000000072 169
61.100000000000726 169
61.15000000000073 169
61.20000000000073 169
61.250000000000725 169
61.30000000000073 169
61.35000000000073 169
61.40000000000073 169
61.45000000000073 169
61.50000000000073 169
61.550000000000736 169
61.60000000000073 169
61.65000000000073 169
61.700000000000735 169
61.75000000000074 169
61.800000000000736 169
61.85000000000073 169
61.90000000000074 169
61.95000000000074 169
62.00000000000074 169
62.050000000000736 169
62.10000000000074 169
62.150000000000745 169
62.20000000000074 169
62.25000000000074 169
62.30000000000074 169
62.35000000000075 169
62.400000000000745 169
62.45000000000074 169
62.500000000000746 169
62.55000000000075 169
62.60000000000075 169
62.650000000000745 169
62.70000000000075 169
62.75000000000075 169
62.80000000000075 169
62.85000000000075 169
62.90000000000075 169
62.950000000000756 169
63.00000000000075 169
63.05000000000075 169
63.100000000000755 169
63.15000000000076 169
63.200000000000756 169
63.25000000000075 169
63.30000000000076 169
63.35000000000076 169
63.40000000000076 169
63.450000000000756 169
63.50000000000076 169
63.550000000000765 169
63.60000000000076 169
63.65000000000076 169
63.70000000000076 169
63.75000000000077 169
63.800000000000765 169
63.85000000000076 169
63.900000000000766 169
63.95000000000077 169
64.00000000000077 169
64.05000000000076 169
64.10000000000076 169
64.15000000000077 169
64.20000000000077 169
64.25000000000077 169
64.30000000000078 169
64.35000000000078 169
64.40000000000077 169
64.45000000000077 169
64.50000000000077 169
64.55000000000078 169
64.60000000000078 169
64.65000000000077 1
64.70000000000078 1
64.75000000000078 4
64.80000000000078 4
64.85000000000078 4
64.90000000000077 7
64.95000000000078 7
65.00000000000078 7
65.05000000000078 10
65.10000000000079 13
65.15000000000079 13
65.20000000000078 13
65.25000000000078 17
65.30000000000078 17
65.35000000000079 17
65.40000000000079 20
65.45000000000078 22
65.5000000000008 22
65.5500000000008 22
65.60000000000079 22
65.65000000000079 23
65.70000000000078 26
65.7500000000008 29
65.8000000000008 29
65.85000000000079 29
65.9000000000008 29
65.9500000000008 29
66.0000000000008 29
66.0500000000008 29
66.10000000000079 29
66.1500000000008 32
66.2000000000008 35
66.2500000000008 35
66.30000000000081 35
66.3500000000008 35
66.4000000000008 35
66.4500000000008 35
66.5000000000008 35
66.55000000000081 35
66.6000000000008 35
66.6500000000008 35
66.70000000000081 35
66.75000000000081 35
66.80000000000081 35
66.8500000000008 38
66.9000000000008 38
66.95000000000081 41
67.00000000000081 44
67.05000000000081 44
67.10000000000082 44
67.15000000000082 44
67.20000000000081 44
67.25000000000081 44
67.30000000000081 44
67.35000000000082 44
67.40000000000082 44
67.45000000000081 44
67.50000000000082 44
67.55000000000082 44
67.60000000000082 44
67.65000000000082 47
67.70000000000081 50
67.75000000000082 55
67.80000000000082 55
67.85000000000082 55
67.90000000000083 55
67.95000000000083 55
68.00000000000082 55
68.05000000000082 55
68.10000000000082 55
68.15000000000083 55
68.20000000000083 55
68.25000000000082 55
68.30000000000084 55
68.35000000000083 55
68.40000000000083 55
68.45000000000083 55
68.50000000000082 55
68.55000000000084 55
68.60000000000083 55
68.65000000000083 55
68.70000000000084 59
68.75000000000084 59
68.80000000000084 65
68.85000000000083 65
68.90000000000083 68
68.95000000000084 68
69.00000000000084 68
69.05000000000084 68
69.10000000000085 68
69.15000000000084 68
69.20000000000084 68
69.25000000000084 68
69.30000000000084 68
69.35000000000085 68
69.40000000000084 68
69.45000000000084 68
69.50000000000085 68
69.55000000000085 68
69.60000000000085 68
69.65000000000084 68
69.70000000000084 68
69.75000000000085 68
69.80000000000085 71
69.85000000000085 74
69.90000000000086 77
69.95000000000086 80
70.00000000000085 83
70.05000000000085 86
70.10000000000085 86
70.15000000000086 86
70.20000000000086 86
70.25000000000085 86
70.30000000000086 86
70.35000000000086 86
70.40000000000086 86
70.45000000000086 86
70.50000000000085 86
70.55000000000086 86
70.60000000000086 86
70.65000000000086 86
70.70000000000087 86
70.75000000000087 86
70.80000000000086 86
70.85000000000086 86
70.90000000000086 86
70.95000000000087 86
71.00000000000087 86
71.05000000000086 86
71.10000000000088 86
71.15000000000087 89
71.20000000000087 91
71.25000000000087 94
71.30000000000086 94
71.35000000000088 97
71.40000000000087 100
71.45000000000087 103
71.50000000000088 103
71.55000000000088 103
71.60000000000088 103
71.65000000000087 103
71.70000000000087 103
71.75000000000088 103
71.80000000000088 103
71.85000000000088 103
71.90000000000089 103
71.95000000000088 103
72.00000000000088 103
72.05000000000088 103
72.10000000000088 103
72.15000000000089 103
72.20000000000088 103
72.25000000000088 103
72.30000000000089 103
72.35000000000089 106
72.40000000000089 106
72.45000000000088 112
72.50000000000088 117
72.55000000000089 117
72.60000000000089 117
72.65000000000089 123
72.7000000000009 124
72.7500000000009 127
72.80000000000089 130
72.85000000000089 130
72.90000000000089 130
72.9500000000009 130
73.0000000000009 130
73.05000000000089 130
73.1000000000009 130
73.1500000000009 130
73.2000000000009 130
73.2500000000009 130
73.30000000000089 130
73.3500000000009 130
73.4000000000009 130
73.4500000000009 130
73.50000000000091 130
73.5500000000009 130
73.6000000000009 130
73.6500000000009 130
73.7000000000009 130
73.75000000000091 130
73.8000000000009 130
73.8500000000009 130
73.90000000000092 130
73.95000000000091 130
74.00000000000091 130
74.0500000000009 130
74.1000000000009 130
74.15000000000092 130
74.20000000000091 130
74.25000000000091 130
74.30000000000092 130
74.35000000000092 130
74.40000000000092 130
74.45000000000091 130
74.50000000000091 130
74.55000000000092 130
74.60000000000092 133
74.65000000000092 136
74.70000000000093 139
74.75000000000092 142
74.80000000000092 142
74.85000000000092 148
74.90000000000092 148
74.95000000000093 148
75.00000000000092 148
75.05000000000092 148
75.10000000000093 148
75.15000000000093 148
75.20000000000093 148
75.25000000000092 148
75.30000000000092 148
75.35000000000093 148
75.40000000000093 148
75.45000000000093 148
75.50000000000094 148
75.55000000000094 148
75.60000000000093 148
75.65000000000093 148
75.70000000000093 148
75.75000000000094 148
75.80000000000094 148
75.85000000000093 148
75.90000000000094 148
75.95000000000094 148
76.00000000000094 148
76.05000000000094 148
76.10000000000093 148
76.15000000000094 148
76.20000000000094 148
76.25000000000094 148
76.30000000000095 148
76.35000000000095 148
76.40000000000094 148
76.45000000000094 148
76.50000000000094 148
76.55000000000095 148
76.60000000000095 148
76.65000000000094 148
76.70000000000095 148
76.75000000000095 149
76.80000000000095 149
76.85000000000095 158
76.90000000000094 158
76.95000000000095 157
77.00000000000095 156
77.05000000000095 154
77.10000000000096 153
77.15000000000096 152
77.20000000000095 152
77.25000000000095 152
77.30000000000095 152
77.35000000000096 152
77.40000000000096 152
77.45000000000095 152
77.50000000000097 152
77.55000000000096 152
77.60000000000096 152
77.65000000000096 152
77.70000000000095 152
77.75000000000097 152
77.80000000000096 152
77.85000000000096 152
77.90000000000097 152
77.95000000000097 152
78.00000000000097 152
78.05000000000096 152
78.10000000000096 152
78.15000000000097 152
78.20000000000097 151
78.25000000000097 157
78.30000000000098 158
78.35000000000097 158
78.40000000000097 158
78.45000000000097 158
78.50000000000097 158
78.55000000000098 158
78.60000000000097 158
78.65000000000097 159
78.70000000000098 159
78.75000000000098 159
78.80000000000098 159
78.85000000000097 159
78.90000000000097 159
78.95000000000098 160
79.00000000000098 160
79.05000000000098 160
79.10000000000099 160
79.15000000000099 160
79.20000000000098 161
79.25000000000098 161
79.30000000000098 161
79.35000000000099 161
79.40000000000099 162
79.45000000000098 162
79.500000000001 162
79.55000000000099 162
79.60000000000099 162
79.65000000000099 162
79.70000000000098 162
79.750000000001 162
79.80000000000099 162
79.85000000000099 162
79.900000000001 162
79.950000000001 162
80.000000000001 162
80.05000000000099 162
80.10000000000099 162
80.150000000001 162
80.200000000001 162
80.250000000001 162
80.300000000001 162
80.350000000001 162
80.400000000001 162
80.450000000001 162
80.500000000001 162
80.550000000001 162
80.600000000001 162
80.650000000001 162
80.70000000000101 162
80.75000000000101 162
80.800000000001 162
80.850000000001 162
80.900000000001 162
80.95000000000101 162
81.00000000000101 162
81.050000000001 162
81.10000000000102 162
81.15000000000101 162
81.20000000000101 162
81.25000000000101 162
81.300000000001 162
81.35000000000102 162
81.40000000000101 162
81.45000000000101 162
81.50000000000102 162
81.55000000000102 162
81.60000000000102 161
81.65000000000101 159
81.70000000000101 158
81.75000000000102 157
81.80000000000102 155
81.85000000000102 154
81.90000000000103 153
81.95000000000103 152
82.00000000000102 151
82.05000000000102 149
82.10000000000102 148
82.15000000000103 147
82.20000000000103 145
82.25000000000102 144
82.30000000000103 143
82.35000000000103 142
82.40000000000103 140
82.45000000000103 139
82.50000000000102 138
82.55000000000103 137
82.60000000000103 135
82.65000000000103 134
82.70000000000104 133
82.75000000000104 132
82.80000000000103 130
82.85000000000103 130
82.90000000000103 130
82.95000000000104 130
83.00000000000104 130
83.05000000000103 130
83.10000000000105 130
83.15000000000104 130
83.20000000000104 130
83.25000000000104 130
83.30000000000103 130
83.35000000000105 130
83.40000000000104 130
83.45000000000104 130
83.50000000000105 130
83.55000000000105 130
83.60000000000105 130
83.65000000000104 130
83.70000000000104 130
83.75000000000105 130
83.80000000000105 130
83.85000000000105 130
83.90000000000106 130
83.95000000000105 130
84.00000000000105 130
84.05000000000105 130
84.10000000000105 129
84.15000000000106 128
84.20000000000105 126
84.25000000000105 125
84.30000000000106 123
84.35000000000106 122
84.40000000000106 121
84.45000000000105 120
84.50000000000105 118
84.55000000000106 117
84.60000000000106 113
84.65000000000106 110
84.70000000000107 106
84.75000000000107 102
84.80000000000106 98
84.85000000000106 94
84.90000000000106 89
84.95000000000107 85
85.00000000000107 81
85.05000000000106 77
85.10000000000107 76
85.15000000000107 76
85.20000000000107 76
85.25000000000107 76
85.30000000000106 76
85.35000000000107 76
85.40000000000107 76
85.45000000000107 76
85.50000000000108 76
85.55000000000108 74
85.60000000000107 70
85.65000000000107 66
85.70000000000107 62
85.75000000000108 58
85.80000000000108 53
85.85000000000107 49
85.90000000000109 48
85.95000000000108 48
86.00000000000108 48
86.05000000000108 48
86.10000000000107 48
86.15000000000109 48
86.20000000000108 48
86.25000000000108 113
86.30000000000109 113
86.35000000000109 113
86.40000000000109 113
86.45000000000108 113
86.50000000000108 113
86.55000000000109 113
86.60000000000109 113
86.65000000000109 113
86.7000000000011 113
86.7500000000011 113
86.80000000000109 113
86.85000000000109 113
86.90000000000109 113
86.9500000000011 113
87.0000000000011 113
87.05000000000109 113
87.1000000000011 113
87.1500000000011 113
87.2000000000011 113
87.2500000000011 113
87.30000000000109 113
87.3500000000011 113
87.4000000000011 113
87.4500000000011 113
87.50000000000111 113
87.5500000000011 113
87.6000000000011 113
87.6500000000011 113
87.7000000000011 113
87.75000000000111 113
87.8000000000011 113
87.8500000000011 113
87.90000000000111 113
87.95000000000111 113
88.00000000000111 113
88.0500000000011 113
88.1000000000011 113
88.15000000000111 113
88.20000000000111 113
88.25000000000111 113
88.30000000000112 113
88.35000000000112 113
88.40000000000111 113
88.45000000000111 113
88.50000000000111 113
88.55000000000112 113
88.60000000000112 113
88.65000000000111 113
88.70000000000113 113
88.75000000000112 113
88.80000000000112 113
88.85000000000112 113
88.90000000000111 113
88.95000000000113 113
89.00000000000112 113
89.05000000000112 113
89.10000000000113 113
89.15000000000113 113
89.20000000000113 113
89.25000000000112 113
89.30000000000112 113
89.35000000000113 113
89.40000000000113 113
89.45000000000113 113
89.50000000000114 113
89.55000000000113 113
89.60000000000113 113
89.65000000000113 113
89.70000000000113 113
89.75000000000114 113
89.80000000000113 113
89.85000000000113 113
89.90000000000114 113
89.95000000000114 113
90.00000000000114 113
90.05000000000113 113
90.10000000000113 113
90.15000000000114 113
90.20000000000114 113
90.25000000000114 113
90.30000000000115 113
90.35000000000115 113
90.40000000000114 113
90.45000000000114 113
90.50000000000114 113
90.55000000000115 113
90.60000000000115 113
90.65000000000114 113
90.70000000000115 113
90.75000000000115 113
90.80000000000115 113
90.85000000000115 113
90.90000000000114 113
90.95000000000115 113
91.00000000000115 113
91.05000000000115 113
91.10000000000116 113
91.15000000000116 113
91.20000000000115 113
91.25000000000115 113
91.30000000000115 113
91.35000000000116 113
91.40000000000116 113
91.45000000000115 113
91.50000000000117 113
91.55000000000116 113
91.60000000000116 113
91.65000000000116 113
91.70000000000115 113
91.75000000000117 113
91.80000000000116 113
91.85000000000116 113
91.90000000000117 113
91.95000000000117 113
92.00000000000117 113
92.05000000000116 113
92.10000000000116 113
92.15000000000117 113
92.20000000000117 113
92.25000000000117 113
92.30000000000118 113
92.35000000000117 113
92.40000000000117 113
92.45000000000117 113
92.50000000000117 113
92.55000000000118 113
92.60000000000117 113
92.65000000000117 113
92.70000000000118 113
92.75000000000118 113
92.80000000000118 113
92.85000000000117 113
92.90000000000117 113
92.95000000000118 113
93.00000000000118 113
93.05000000000118 113
93.10000000000119 113
93.15000000000119 113
93.20000000000118 113
93.25000000000118 113
93.30000000000118 113
93.35000000000119 113
93.40000000000119 113
93.45000000000118 113
93.5000000000012 113
93.55000000000119 113
93.60000000000119 113
93.65000000000119 113
93.70000000000118 113
93.7500000000012 113
93.80000000000119 113
93.85000000000119 113
93.9000000000012 113
93.9500000000012 113
94.0000000000012 113
94.05000000000119 113
94.10000000000119 113
94.1500000000012 113
94.2000000000012 113
94.2500000000012 113
94.3000000000012 113
94.3500000000012 113
94.4000000000012 113
94.4500000000012 113
94.5000000000012 113
94.5500000000012 113
94.6000000000012 113
94.6500000000012 113
94.70000000000121 113
94.75000000000121 113
94.8000000000012 113
94.8500000000012 113
94.9000000000012 113
94.95000000000121 113
95.00000000000121 113
95.0500000000012 113
95.10000000000122 113
95.15000000000121 113
95.20000000000121 113
95.25000000000121 113
95.3000000000012 113
95.35000000000122 113
95.40000000000121 113
95.45000000000121 113
95.50000000000122 113
95.55000000000122 112
95.60000000000122 108
95.65000000000121 105
95.70000000000121 101
95.75000000000122 97
95.80000000000122 93
95.85000000000122 89
95.90000000000123 86
95.95000000000122 82
96.00000000000122 78
96.05000000000122 75
96.10000000000122 70
96.15000000000123 67
96.20000000000122 67
96.25000000000122 67
96.30000000000123 67
96.35000000000123 67
96.40000000000123 63
96.45000000000122 59
96.50000000000122 55
96.55000000000123 52
96.60000000000123 48
96.65000000000123 44
96.70000000000124 39
96.75000000000124 35
96.80000000000123 32
96.85000000000123 28
96.90000000000123 25
96.95000000000124 23
97.00000000000124 22
97.05000000000123 22
97.10000000000124 22
97.15000000000124 22
97.20000000000124 22
97.25000000000124 113
97.30000000000123 113
97.35000000000124 113
97.40000000000124 113
97.45000000000124 113
97.50000000000125 113
97.55000000000125 113
97.60000000000124 113
97.65000000000124 113
97.70000000000124 113
97.75000000000125 113
97.80000000000125 113
97.85000000000124 113
97.90000000000126 113
97.95000000000125 113
98.00000000000125 113
98.05000000000125 113
98.10000000000124 113
98.15000000000126 113
98.20000000000125 113
98.25000000000125 113
98.30000000000126 113
98.35000000000126 113
98.40000000000126 113
98.45000000000125 113
98.50000000000125 113
98.55000000000126 113
98.60000000000126 113
98.65000000000126 113
98.70000000000127 113
98.75000000000126 113
98.80000000000126 113
98.85000000000126 113
98.90000000000126 113
98.95000000000127 113
99.00000000000126 113
99.05000000000126 113
99.10000000000127 113
99.15000000000127 113
99.20000000000127 113
99.25000000000126 113
99.30000000000126 113
99.35000000000127 113
99.40000000000127 113
99.45000000000127 113
99.50000000000128 113
99.55000000000128 113
99.60000000000127 113
99.65000000000127 113
99.70000000000127 113
99.75000000000128 113
99.80000000000128 113
99.85000000000127 113
99.90000000000128 113
99.95000000000128 113
