10.70000000000001 10
10.75000000000001 10
10.800000000000011 10
10.850000000000012 10
10.900000000000013 10
10.950000000000014 10
11.000000000000014 10
11.050000000000015 10
11.100000000000016 10
11.150000000000016 10
11.200000000000017 11
11.250000000000018 13
11.300000000000018 14
11.35000000000002 16
11.40000000000002 17
11.45000000000002 19
11.500000000000021 20
11.550000000000022 20
11.600000000000023 20
11.650000000000023 20
11.700000000000024 20
11.750000000000025 20
11.800000000000026 20
11.850000000000026 20
11.900000000000027 20
11.950000000000028 20
12.000000000000028 20
12.05000000000003 22
12.10000000000003 24
12.15000000000003 26
12.200000000000031 28
12.250000000000032 29
12.300000000000033 29
12.350000000000033 29
12.400000000000034 29
12.450000000000035 29
12.500000000000036 29
12.550000000000036 29
12.600000000000037 29
12.650000000000038 29
12.700000000000038 29
12.750000000000039 29
12.80000000000004 29
12.85000000000004 29
12.900000000000041 29
12.950000000000042 29
13.000000000000043 29
13.050000000000043 29
13.100000000000044 29
13.150000000000045 29
13.200000000000045 29
13.250000000000046 29
13.300000000000047 29
13.350000000000048 29
13.400000000000048 29
13.450000000000049 29
13.50000000000005 29
13.55000000000005 30
13.600000000000051 30
13.650000000000052 30
13.700000000000053 30
13.750000000000053 30
13.800000000000054 30
13.850000000000055 30
13.900000000000055 30
13.950000000000056 31
14.000000000000057 31
14.050000000000058 31
14.100000000000058 31
14.150000000000059 31
14.20000000000006 31
14.25000000000006 31
14.300000000000061 31
14.350000000000062 31
14.400000000000063 31
14.450000000000063 31
14.500000000000064 31
14.550000000000065 31
14.600000000000065 31
14.650000000000066 31
14.700000000000067 31
14.750000000000068 31
14.800000000000068 31
14.850000000000069 31
14.90000000000007 31
14.95000000000007 31
15.000000000000071 32
15.050000000000072 33
15.100000000000072 33
15.150000000000073 34
15.200000000000074 34
15.250000000000075 35
15.300000000000075 35
15.350000000000076 35
15.400000000000077 37
15.450000000000077 37
15.500000000000078 37
15.550000000000079 38
15.60000000000008 39
15.65000000000008 39
15.700000000000081 40
15.750000000000082 40
15.800000000000082 41
15.850000000000083 41
15.900000000000084 41
15.950000000000085 41
16.000000000000085 41
16.050000000000086 41
16.100000000000087 41
16.150000000000087 41
16.200000000000088 41
16.25000000000009 41
16.30000000000009 41
16.35000000000009 41
16.40000000000009 41
16.45000000000009 41
16.500000000000092 41
16.550000000000093 41
16.600000000000094 41
16.650000000000095 41
16.700000000000095 41
16.750000000000096 41
16.800000000000097 41
16.850000000000097 41
16.900000000000098 41
16.9500000000001 41
17.0000000000001 41
17.0500000000001 43
17.1000000000001 45
17.1500000000001 45
17.200000000000102 46
17.250000000000103 47
17.300000000000104 47
17.350000000000104 48
17.400000000000105 50
17.450000000000106 50
17.500000000000107 50
17.550000000000107 52
17.600000000000108 53
17.65000000000011 54
17.70000000000011 54
17.75000000000011 56
17.80000000000011 56
17.85000000000011 57
17.900000000000112 58
17.950000000000113 59
18.000000000000114 60
18.050000000000114 60
18.100000000000115 62
18.150000000000116 62
18.200000000000117 62
18.250000000000117 62
18.300000000000118 62
18.35000000000012 62
18.40000000000012 62
18.45000000000012 62
18.50000000000012 62
18.55000000000012 62
18.600000000000122 62
18.650000000000123 62
18.700000000000124 62
18.750000000000124 62
18.800000000000125 62
18.850000000000126 62
18.900000000000126 62
18.950000000000127 62
19.000000000000128 62
19.05000000000013 62
19.10000000000013 62
19.15000000000013 62
19.20000000000013 62
19.25000000000013 62
19.300000000000132 62
19.350000000000133 62
19.400000000000134 62
19.450000000000134 62
19.500000000000135 62
19.550000000000136 62
19.600000000000136 62
19.650000000000137 62
19.700000000000138 62
19.75000000000014 62
19.80000000000014 62
19.85000000000014 62
19.90000000000014 64
19.95000000000014 66
20.000000000000142 67
20.050000000000143 67
20.100000000000144 67
20.150000000000144 69
20.200000000000145 71
20.250000000000146 71
20.300000000000146 71
20.350000000000147 72
20.400000000000148 74
20.45000000000015 75
20.50000000000015 75
20.55000000000015 75
20.60000000000015 75
20.65000000000015 77
20.700000000000152 79
20.750000000000153 80
20.800000000000153 81
20.850000000000154 81
20.900000000000155 82
20.950000000000156 84
21.000000000000156 84
21.050000000000157 84
21.100000000000158 85
21.15000000000016 86
21.20000000000016 87
21.25000000000016 88
21.30000000000016 88
21.35000000000016 89
21.400000000000162 90
21.450000000000163 92
21.500000000000163 93
21.550000000000164 93
21.600000000000165 93
21.650000000000166 93
21.700000000000166 93
21.750000000000167 93
21.800000000000168 93
21.85000000000017 93
21.90000000000017 93
21.95000000000017 93
22.00000000000017 93
22.05000000000017 93
22.100000000000172 93
22.150000000000173 93
22.200000000000173 93
22.250000000000174 93
22.300000000000175 93
22.350000000000176 93
22.400000000000176 93
22.450000000000177 93
22.500000000000178 93
22.55000000000018 93
22.60000000000018 93
22.65000000000018 93
22.70000000000018 93
22.75000000000018 93
22.800000000000182 93
22.850000000000183 93
22.900000000000183 93
22.950000000000184 93
23.000000000000185 93
23.050000000000185 93
23.100000000000186 93
23.150000000000187 93
23.200000000000188 93
23.25000000000019 93
23.30000000000019 93
23.35000000000019 93
23.40000000000019 93
23.45000000000019 93
23.500000000000192 93
23.550000000000193 93
23.600000000000193 93
23.650000000000194 93
23.700000000000195 93
23.750000000000195 93
23.800000000000196 93
23.850000000000197 93
23.900000000000198 93
23.9500000000002 93
24.0000000000002 93
24.0500000000002 93
24.1000000000002 93
24.1500000000002 95
24.200000000000202 96
24.250000000000203 98
24.300000000000203 100
24.350000000000204 101
24.400000000000205 101
24.450000000000205 101
24.500000000000206 101
24.550000000000207 103
24.600000000000207 105
24.650000000000208 106
24.70000000000021 106
24.75000000000021 106
24.80000000000021 106
24.85000000000021 108
24.90000000000021 110
24.950000000000212 112
25.000000000000213 112
25.050000000000214 112
25.100000000000215 113
25.150000000000215 113
25.200000000000216 113
25.250000000000217 113
25.300000000000217 115
25.350000000000218 117
25.40000000000022 120
25.45000000000022 120
25.50000000000022 120
25.55000000000022 121
25.60000000000022 122
25.650000000000222 122
25.700000000000223 123
25.750000000000224 125
25.800000000000225 126
25.850000000000225 126
25.900000000000226 126
25.950000000000227 126
26.000000000000227 127
26.050000000000228 128
26.10000000000023 129
26.15000000000023 130
26.20000000000023 132
26.25000000000023 132
26.30000000000023 134
26.350000000000232 134
26.400000000000233 134
26.450000000000234 135
26.500000000000234 137
26.550000000000235 139
26.600000000000236 139
26.650000000000237 139
26.700000000000237 139
26.750000000000238 139
26.80000000000024 139
26.85000000000024 139
26.90000000000024 140
26.95000000000024 140
27.00000000000024 140
27.050000000000242 140
27.100000000000243 140
27.150000000000244 140
27.200000000000244 140
27.250000000000245 140
27.300000000000246 140
27.350000000000247 140
27.400000000000247 140
27.450000000000248 140
27.50000000000025 140
27.55000000000025 140
27.60000000000025 140
27.65000000000025 140
27.70000000000025 140
27.750000000000252 140
27.800000000000253 140
27.850000000000254 140
27.900000000000254 140
27.950000000000255 140
28.000000000000256 140
28.050000000000257 140
28.100000000000257 140
28.150000000000258 140
28.20000000000026 140
28.25000000000026 140
28.30000000000026 140
28.35000000000026 140
28.40000000000026 140
28.450000000000262 140
28.500000000000263 140
28.550000000000264 140
28.600000000000264 140
28.650000000000265 140
28.700000000000266 140
28.750000000000266 140
28.800000000000267 140
28.850000000000268 140
28.90000000000027 140
28.95000000000027 140
29.00000000000027 140
29.05000000000027 140
29.10000000000027 140
29.150000000000272 140
29.200000000000273 140
29.250000000000274 140
29.300000000000274 140
29.350000000000275 140
29.400000000000276 140
29.450000000000276 140
29.500000000000277 140
29.550000000000278 140
29.60000000000028 140
29.65000000000028 140
29.70000000000028 140
29.75000000000028 140
29.80000000000028 140
29.850000000000282 140
29.900000000000283 140
29.950000000000284 140
30.000000000000284 140
30.050000000000285 140
30.100000000000286 140
30.150000000000286 140
30.200000000000287 140
30.250000000000288 140
30.30000000000029 140
30.35000000000029 140
30.40000000000029 140
30.45000000000029 140
30.50000000000029 140
30.550000000000292 140
30.600000000000293 142
30.650000000000293 144
30.700000000000294 146
30.750000000000295 147
30.800000000000296 149
30.850000000000296 151
30.900000000000297 151
30.950000000000298 151
31.0000000000003 151
31.0500000000003 151
31.1000000000003 151
31.1500000000003 152
31.2000000000003 154
31.250000000000302 156
31.300000000000303 158
31.350000000000303 159
31.400000000000304 159
31.450000000000305 159
31.500000000000306 159
31.550000000000306 159
31.600000000000307 160
31.650000000000308 162
31.70000000000031 164
31.75000000000031 166
31.80000000000031 168
31.85000000000031 168
31.90000000000031 168
31.950000000000312 168
32.00000000000031 169
32.05000000000031 169
32.100000000000314 169
32.15000000000032 169
32.200000000000315 169
32.25000000000031 170
32.30000000000032 172
32.35000000000032 174
32.40000000000032 177
32.450000000000315 178
32.50000000000032 179
32.550000000000324 180
32.60000000000032 180
32.65000000000032 180
32.70000000000032 182
32.75000000000033 183
32.800000000000324 183
32.85000000000032 183
32.900000000000325 184
32.95000000000033 186
33.00000000000033 188
33.050000000000324 189
33.10000000000033 189
33.15000000000033 189
33.20000000000033 189
33.25000000000033 189
33.30000000000033 189
33.350000000000335 190
33.40000000000033 191
33.45000000000033 192
33.500000000000334 193
33.55000000000034 194
33.600000000000335 195
33.65000000000033 196
33.70000000000034 197
33.75000000000034 198
33.80000000000034 198
33.850000000000335 200
33.90000000000034 201
33.950000000000344 201
34.00000000000034 201
34.05000000000034 202
34.10000000000034 204
34.15000000000035 206
34.200000000000344 208
34.25000000000034 208
34.300000000000345 208
34.35000000000035 209
34.40000000000035 209
34.450000000000344 209
34.50000000000035 209
34.55000000000035 209
34.60000000000035 209
34.65000000000035 209
34.70000000000035 210
34.750000000000355 210
34.80000000000035 210
34.85000000000035 210
34.900000000000354 210
34.95000000000036 210
35.000000000000355 210
35.05000000000035 210
35.10000000000036 210
35.15000000000036 210
35.20000000000036 210
35.250000000000355 210
35.30000000000036 210
35.350000000000364 210
35.40000000000036 210
35.45000000000036 210
35.50000000000036 210
35.55000000000037 210
35.600000000000364 210
35.65000000000036 210
35.700000000000365 210
35.75000000000037 210
35.80000000000037 210
35.850000000000364 210
35.90000000000037 210
35.95000000000037 210
36.00000000000037 210
36.05000000000037 210
36.10000000000037 210
36.150000000000375 210
36.20000000000037 210
36.25000000000037 210
36.300000000000374 210
36.35000000000038 210
36.400000000000375 210
36.45000000000037 210
36.50000000000038 210
36.55000000000038 210
36.60000000000038 210
36.650000000000375 210
36.70000000000038 210
36.750000000000384 210
36.80000000000038 210
36.85000000000038 210
36.90000000000038 210
36.95000000000039 210
37.000000000000384 210
37.05000000000038 210
37.100000000000385 210
37.15000000000039 210
37.20000000000039 210
37.250000000000384 210
37.30000000000039 210
37.35000000000039 210
37.40000000000039 210
37.45000000000039 210
37.50000000000039 210
37.550000000000395 210
37.60000000000039 210
37.65000000000039 210
37.700000000000394 210
37.7500000000004 210
37.800000000000395 210
37.85000000000039 210
37.9000000000004 210
37.9500000000004 210
38.0000000000004 210
38.050000000000395 210
38.1000000000004 210
38.150000000000404 210
38.2000000000004 210
38.2500000000004 210
38.3000000000004 210
38.350000000000406 210
38.400000000000404 210
38.4500000000004 210
38.500000000000405 210
38.55000000000041 210
38.600000000000406 210
38.650000000000404 210
38.70000000000041 210
38.75000000000041 210
38.80000000000041 210
38.850000000000406 210
38.90000000000041 210
38.950000000000415 210
39.00000000000041 210
39.05000000000041 210
39.10000000000041 210
39.15000000000042 210
39.200000000000415 210
39.25000000000041 210
39.300000000000416 210
39.35000000000042 210
39.40000000000042 210
39.450000000000415 210
39.50000000000042 210
39.55000000000042 210
39.60000000000042 210
39.65000000000042 210
39.70000000000042 210
39.750000000000426 210
39.80000000000042 210
39.85000000000042 210
39.900000000000425 211
39.95000000000043 211
40.000000000000426 211
40.05000000000042 211
40.10000000000043 211
40.15000000000043 211
40.20000000000043 211
40.250000000000426 211
40.30000000000043 211
40.350000000000435 211
40.40000000000043 211
40.45000000000043 211
40.50000000000043 211
40.55000000000044 211
40.600000000000435 211
40.65000000000043 211
40.700000000000436 211
40.75000000000044 211
40.80000000000044 211
40.850000000000435 211
40.90000000000044 211
40.95000000000044 211
41.00000000000044 211
41.05000000000044 211
41.10000000000044 211
41.150000000000446 211
41.20000000000044 211
41.25000000000044 211
41.300000000000445 211
41.35000000000045 211
41.400000000000446 211
41.45000000000044 211
41.50000000000045 211
41.55000000000045 211
41.60000000000045 211
41.650000000000446 211
41.70000000000045 211
41.750000000000455 210
41.80000000000045 209
41.85000000000045 209
41.90000000000045 209
41.95000000000046 209
42.000000000000455 208
42.05000000000045 207
42.100000000000456 207
42.15000000000046 207
42.20000000000046 206
42.250000000000455 205
42.30000000000046 204
42.35000000000046 203
42.40000000000046 203
42.45000000000046 203
42.50000000000046 203
42.550000000000466 203
42.60000000000046 203
42.65000000000046 203
42.700000000000465 202
42.75000000000047 202
42.800000000000466 202
42.85000000000046 201
42.90000000000047 200
42.95000000000047 200
43.00000000000047 199
43.050000000000466 199
43.10000000000047 199
43.150000000000475 197
43.20000000000047 197
43.25000000000047 197
43.30000000000047 197
43.35000000000048 196
43.400000000000475 195
43.45000000000047 194
43.500000000000476 194
43.55000000000048 193
43.60000000000048 193
43.650000000000475 193
43.70000000000048 193
43.75000000000048 193
43.80000000000048 193
43.85000000000048 193
43.90000000000048 193
43.950000000000486 193
44.00000000000048 193
44.05000000000048 192
44.100000000000485 192
44.15000000000049 192
44.200000000000486 192
44.25000000000048 192
44.30000000000049 192
44.35000000000049 192
44.40000000000049 192
44.450000000000486 192
44.50000000000049 192
44.550000000000495 192
44.60000000000049 192
44.65000000000049 192
44.70000000000049 192
44.7500000000005 192
44.800000000000495 192
44.85000000000049 192
44.900000000000496 192
44.9500000000005 192
45.0000000000005 192
45.050000000000495 192
45.1000000000005 192
45.1500000000005 192
45.2000000000005 192
45.2500000000005 192
45.3000000000005 192
45.350000000000506 192
45.4000000000005 192
45.4500000000005 192
45.500000000000504 192
45.55000000000051 192
45.600000000000506 192
45.6500000000005 192
45.70000000000051 192
45.75000000000051 192
45.80000000000051 192
45.850000000000506 192
45.90000000000051 192
45.950000000000514 192
46.00000000000051 192
46.05000000000051 192
46.10000000000051 192
46.15000000000052 192
46.200000000000514 192
46.25000000000051 192
46.300000000000516 192
46.35000000000052 192
46.40000000000052 192
46.450000000000514 192
46.50000000000052 192
46.55000000000052 192
46.60000000000052 192
46.65000000000052 192
46.70000000000052 192
46.750000000000526 192
46.80000000000052 192
46.85000000000052 192
46.900000000000524 192
46.95000000000053 192
47.000000000000526 192
47.05000000000052 192
47.10000000000053 192
47.15000000000053 192
47.20000000000053 192
47.250000000000526 192
47.30000000000053 192
47.350000000000534 192
47.40000000000053 192
47.45000000000053 192
47.50000000000053 192
47.55000000000054 192
47.600000000000534 192
47.65000000000053 192
47.700000000000536 192
47.75000000000054 192
47.80000000000054 192
47.850000000000534 192
47.90000000000054 192
47.95000000000054 192
48.00000000000054 192
48.05000000000054 192
48.10000000000054 192
48.150000000000546 192
48.20000000000054 192
48.25000000000054 192
48.300000000000544 192
48.35000000000055 192
48.400000000000546 192
48.45000000000054 192
48.50000000000055 192
48.55000000000055 192
48.60000000000055 192
48.650000000000546 192
48.70000000000055 192
48.750000000000554 192
48.80000000000055 192
48.85000000000055 192
48.90000000000055 192
48.95000000000056 192
49.000000000000554 191
49.05000000000055 191
49.100000000000556 191
49.15000000000056 191
49.20000000000056 191
49.250000000000554 188
49.30000000000056 187
49.35000000000056 186
49.40000000000056 185
49.45000000000056 184
49.50000000000056 184
49.550000000000566 183
49.60000000000056 181
49.65000000000056 181
49.700000000000564 181
49.75000000000057 181
49.800000000000566 181
49.85000000000056 181
49.90000000000057 181
49.95000000000057 181
50.00000000000057 181
50.050000000000566 181
50.10000000000057 181
50.150000000000574 181
50.20000000000057 181
50.25000000000057 181
50.30000000000057 181
50.35000000000058 181
50.400000000000574 181
50.45000000000057 181
50.500000000000576 181
50.55000000000058 181
50.60000000000058 181
50.650000000000574 181
50.70000000000058 181
50.75000000000058 181
50.80000000000058 181
50.85000000000058 181
50.90000000000058 181
50.950000000000585 181
51.00000000000058 181
51.05000000000058 181
51.100000000000584 181
51.15000000000059 181
51.200000000000585 181
51.25000000000058 181
51.30000000000059 181
51.35000000000059 181
51.40000000000059 181
51.450000000000585 181
51.50000000000059 181
51.550000000000594 181
51.60000000000059 179
51.65000000000059 178
51.70000000000059 176
51.7500000000006 175
51.800000000000594 174
51.85000000000059 172
51.900000000000595 171
51.9500000000006 171
52.0000000000006 170
52.050000000000594 169
52.1000000000006 168
52.1500000000006 168
52.2000000000006 168
52.2500000000006 168
52.3000000000006 168
52.350000000000605 168
52.4000000000006 168
52.4500000000006 168
52.500000000000604 168
52.55000000000061 168
52.600000000000605 168
52.6500000000006 166
52.70000000000061 165
52.75000000000061 164
52.80000000000061 162
52.850000000000605 161
52.90000000000061 161
52.950000000000614 160
53.00000000000061 159
53.05000000000061 159
53.10000000000061 159
53.15000000000062 159
53.200000000000614 159
53.25000000000061 159
53.300000000000615 159
53.35000000000062 159
53.40000000000062 159
53.450000000000614 159
53.50000000000062 159
53.55000000000062 159
53.60000000000062 159
53.65000000000062 159
53.70000000000062 159
53.750000000000625 159
53.80000000000062 159
53.85000000000062 158
53.900000000000624 157
53.95000000000063 156
54.000000000000625 154
54.05000000000062 153
54.10000000000063 153
54.15000000000063 153
54.20000000000063 153
54.250000000000625 153
54.30000000000063 153
54.350000000000634 153
54.40000000000063 153
54.45000000000063 153
54.50000000000063 153
54.55000000000064 153
54.600000000000634 153
54.65000000000063 153
54.700000000000635 153
54.75000000000064 151
54.80000000000064 150
54.850000000000634 149
54.90000000000064 147
54.95000000000064 147
55.00000000000064 147
55.05000000000064 147
55.10000000000064 147
55.150000000000645 147
55.20000000000064 147
55.25000000000064 147
55.300000000000644 147
55.35000000000065 147
55.400000000000645 147
55.45000000000064 147
55.50000000000065 147
55.55000000000065 147
55.60000000000065 147
55.650000000000645 147
55.70000000000065 147
55.750000000000654 147
55.80000000000065 147
55.85000000000065 147
55.90000000000065 147
55.95000000000066 147
56.000000000000654 145
56.05000000000065 141
56.100000000000655 138
56.15000000000066 136
56.20000000000066 134
56.250000000000654 134
56.30000000000066 147
56.35000000000066 147
56.40000000000066 147
56.45000000000066 147
56.50000000000066 147
56.550000000000665 147
56.60000000000066 147
56.65000000000066 147
56.700000000000664 147
56.75000000000067 147
56.800000000000665 147
56.85000000000066 147
56.90000000000067 147
56.95000000000067 147
57.00000000000067 147
57.050000000000665 147
57.10000000000067 147
57.150000000000674 147
57.20000000000067 147
57.25000000000067 147
57.30000000000067 147
57.350000000000676 147
57.400000000000674 147
57.45000000000067 147
57.500000000000675 147
57.55000000000068 147
57.600000000000676 147
57.650000000000674 147
57.70000000000068 147
57.75000000000068 147
57.80000000000068 147
57.850000000000676 147
57.90000000000068 147
57.950000000000685 147
58.00000000000068 147
58.05000000000068 147
58.10000000000068 147
58.15000000000069 147
58.200000000000685 147
58.25000000000068 147
58.300000000000686 147
58.35000000000069 147
58.40000000000069 147
58.450000000000685 147
58.50000000000069 147
58.55000000000069 147
58.60000000000069 147
58.65000000000069 147
58.70000000000069 147
58.750000000000696 147
58.80000000000069 147
58.85000000000069 147
58.900000000000695 147
58.9500000000007 147
59.000000000000696 147
59.05000000000069 147
59.1000000000007 147
59.1500000000007 147
59.2000000000007 147
59.250000000000696 147
59.3000000000007 147
59.350000000000705 147
59.4000000000007 147
59.4500000000007 147
59.5000000000007 147
59.55000000000071 147
59.600000000000705 147
59.6500000000007 147
59.700000000000706 147
59.75000000000071 147
59.80000000000071 147
59.850000000000705 147
59.90000000000071 147
59.95000000000071 147
60.00000000000071 147
60.05000000000071 147
60.10000000000071 147
60.150000000000716 147
60.20000000000071 147
60.25000000000071 147
60.300000000000715 147
60.35000000000072 147
60.400000000000716 147
60.45000000000071 147
60.50000000000072 147
60.55000000000072 147
60.60000000000072 147
60.650000000000716 147
60.70000000000072 147
60.750000000000725 147
60.80000000000072 147
60.85000000000072 147
60.90000000000072 147
60.95000000000073 147
61.000000000000725 147
61.05000000000072 147
61.100000000000726 147
61.15000000000073 147
61.20000000000073 147
61.250000000000725 147
61.30000000000073 147
61.35000000000073 147
61.40000000000073 147
61.45000000000073 147
61.50000000000073 147
61.550000000000736 147
61.60000000000073 147
61.65000000000073 147
61.700000000000735 147
61.75000000000074 147
61.800000000000736 147
61.85000000000073 147
61.90000000000074 147
61.95000000000074 147
62.00000000000074 147
62.050000000000736 147
62.10000000000074 147
62.150000000000745 147
62.20000000000074 147
62.25000000000074 147
62.30000000000074 147
62.35000000000075 147
62.400000000000745 147
62.45000000000074 147
62.500000000000746 147
62.55000000000075 147
62.60000000000075 147
62.650000000000745 147
62.70000000000075 147
62.75000000000075 147
62.80000000000075 147
62.85000000000075 147
62.90000000000075 147
62.950000000000756 147
63.00000000000075 147
63.05000000000075 147
63.100000000000755 147
63.15000000000076 147
63.200000000000756 147
63.25000000000075 147
63.30000000000076 147
63.35000000000076 147
63.40000000000076 147
63.450000000000756 147
63.50000000000076 147
63.550000000000765 147
63.60000000000076 147
63.65000000000076 147
63.70000000000076 147
63.75000000000077 147
63.800000000000765 147
63.85000000000076 147
63.900000000000766 147
63.95000000000077 147
64.00000000000077 143
64.05000000000076 139
64.10000000000076 135
64.15000000000077 132
64.20000000000077 128
64.25000000000077 124
64.30000000000078 119
64.35000000000078 115
64.40000000000077 111
64.45000000000077 107
64.50000000000077 103
64.55000000000078 147
64.60000000000078 147
64.65000000000077 147
64.70000000000078 147
64.75000000000078 147
64.80000000000078 147
64.85000000000078 147
64.90000000000077 147
64.95000000000078 147
65.00000000000078 147
65.05000000000078 147
65.10000000000079 147
65.15000000000079 147
65.20000000000078 147
65.25000000000078 147
65.30000000000078 147
65.35000000000079 147
65.40000000000079 147
65.45000000000078 147
65.5000000000008 147
65.5500000000008 147
65.60000000000079 147
65.65000000000079 147
65.70000000000078 147
65.7500000000008 147
65.8000000000008 147
65.85000000000079 147
65.9000000000008 147
65.9500000000008 147
66.0000000000008 147
66.0500000000008 147
66.10000000000079 147
66.1500000000008 147
66.2000000000008 147
66.2500000000008 147
66.30000000000081 147
66.3500000000008 147
66.4000000000008 147
66.4500000000008 147
66.5000000000008 147
66.55000000000081 147
66.6000000000008 147
66.6500000000008 147
66.70000000000081 147
66.75000000000081 147
66.80000000000081 147
66.8500000000008 147
66.9000000000008 147
66.95000000000081 147
67.00000000000081 147
67.05000000000081 147
67.10000000000082 147
67.15000000000082 147
67.20000000000081 147
67.25000000000081 147
67.30000000000081 147
67.35000000000082 147
67.40000000000082 147
67.45000000000081 147
67.50000000000082 147
67.55000000000082 147
67.60000000000082 147
67.65000000000082 147
67.70000000000081 147
67.75000000000082 147
67.80000000000082 147
67.85000000000082 147
67.90000000000083 147
67.95000000000083 147
68.00000000000082 147
68.05000000000082 147
68.10000000000082 147
68.15000000000083 147
68.20000000000083 147
68.25000000000082 147
68.30000000000084 147
68.35000000000083 147
68.40000000000083 147
68.45000000000083 147
68.50000000000082 147
68.55000000000084 147
68.60000000000083 147
68.65000000000083 147
68.70000000000084 147
68.75000000000084 147
68.80000000000084 147
68.85000000000083 147
68.90000000000083 147
68.95000000000084 147
69.00000000000084 147
69.05000000000084 147
69.10000000000085 147
69.15000000000084 147
69.20000000000084 147
69.25000000000084 147
69.30000000000084 147
69.35000000000085 147
69.40000000000084 147
69.45000000000084 147
69.50000000000085 147
69.55000000000085 147
69.60000000000085 147
69.65000000000084 147
69.70000000000084 147
69.75000000000085 147
69.80000000000085 147
69.85000000000085 147
69.90000000000086 147
69.95000000000086 147
70.00000000000085 147
70.05000000000085 147
70.10000000000085 147
70.15000000000086 147
70.20000000000086 147
70.25000000000085 147
70.30000000000086 147
70.35000000000086 147
70.40000000000086 147
70.45000000000086 147
70.50000000000085 147
70.55000000000086 147
70.60000000000086 147
70.65000000000086 147
70.70000000000087 147
70.75000000000087 147
70.80000000000086 147
70.85000000000086 147
70.90000000000086 147
70.95000000000087 147
71.00000000000087 147
71.05000000000086 147
71.10000000000088 147
71.15000000000087 147
71.20000000000087 147
71.25000000000087 147
71.30000000000086 147
71.35000000000088 147
71.40000000000087 147
71.45000000000087 147
71.50000000000088 147
71.55000000000088 147
71.60000000000088 147
71.65000000000087 147
71.70000000000087 147
71.75000000000088 147
71.80000000000088 147
71.85000000000088 147
71.90000000000089 147
71.95000000000088 147
72.00000000000088 147
72.05000000000088 147
72.10000000000088 147
72.15000000000089 147
72.20000000000088 147
72.25000000000088 147
72.30000000000089 147
72.35000000000089 147
72.40000000000089 147
72.45000000000088 147
72.50000000000088 147
72.55000000000089 147
72.60000000000089 147
72.65000000000089 147
72.7000000000009 147
72.7500000000009 147
72.80000000000089 147
72.85000000000089 147
72.90000000000089 147
72.9500000000009 147
73.0000000000009 147
73.05000000000089 147
73.1000000000009 147
73.1500000000009 147
73.2000000000009 147
73.2500000000009 147
73.30000000000089 147
73.3500000000009 147
73.4000000000009 147
73.4500000000009 147
73.50000000000091 147
73.5500000000009 147
73.6000000000009 147
73.6500000000009 147
73.7000000000009 147
73.75000000000091 147
73.8000000000009 147
73.8500000000009 147
73.90000000000092 147
73.95000000000091 147
74.00000000000091 147
74.0500000000009 147
74.1000000000009 147
74.15000000000092 147
74.20000000000091 147
74.25000000000091 147
74.30000000000092 147
74.35000000000092 147
74.40000000000092 147
74.45000000000091 147
74.50000000000091 147
74.55000000000092 147
74.60000000000092 147
74.65000000000092 147
74.70000000000093 147
74.75000000000092 147
74.80000000000092 147
74.85000000000092 147
74.90000000000092 147
74.95000000000093 147
75.00000000000092 147
75.05000000000092 147
75.10000000000093 147
75.15000000000093 147
75.20000000000093 147
75.25000000000092 147
75.30000000000092 147
75.35000000000093 147
75.40000000000093 147
75.45000000000093 147
75.50000000000094 147
75.55000000000094 147
75.60000000000093 147
75.65000000000093 147
75.70000000000093 147
75.75000000000094 147
75.80000000000094 147
75.85000000000093 147
75.90000000000094 147
75.95000000000094 147
76.00000000000094 147
76.05000000000094 147
76.10000000000093 147
76.15000000000094 147
76.20000000000094 147
76.25000000000094 147
76.30000000000095 147
76.35000000000095 147
76.40000000000094 147
76.45000000000094 147
76.50000000000094 147
76.55000000000095 147
76.60000000000095 147
76.65000000000094 147
76.70000000000095 147
76.75000000000095 147
76.80000000000095 147
76.85000000000095 147
76.90000000000094 147
76.95000000000095 147
77.00000000000095 147
77.05000000000095 147
77.10000000000096 147
77.15000000000096 147
77.20000000000095 147
77.25000000000095 147
77.30000000000095 147
77.35000000000096 147
77.40000000000096 147
77.45000000000095 147
77.50000000000097 147
77.55000000000096 147
77.60000000000096 147
77.65000000000096 147
77.70000000000095 147
77.75000000000097 147
77.80000000000096 147
77.85000000000096 147
77.90000000000097 147
77.95000000000097 147
78.00000000000097 147
78.05000000000096 147
78.10000000000096 147
78.15000000000097 147
78.20000000000097 147
78.25000000000097 147
78.30000000000098 147
78.35000000000097 147
78.40000000000097 147
78.45000000000097 147
78.50000000000097 147
78.55000000000098 147
78.60000000000097 147
78.65000000000097 147
78.70000000000098 147
78.75000000000098 147
78.80000000000098 147
78.85000000000097 147
78.90000000000097 147
78.95000000000098 147
79.00000000000098 147
79.05000000000098 147
79.10000000000099 147
79.15000000000099 147
79.20000000000098 147
79.25000000000098 147
79.30000000000098 147
79.35000000000099 147
79.40000000000099 147
79.45000000000098 147
79.500000000001 147
79.55000000000099 147
79.60000000000099 147
79.65000000000099 147
79.70000000000098 147
79.750000000001 147
79.80000000000099 147
79.85000000000099 147
79.900000000001 147
79.950000000001 147
80.000000000001 147
80.05000000000099 147
80.10000000000099 147
80.150000000001 147
80.200000000001 147
80.250000000001 147
80.300000000001 147
80.350000000001 147
80.400000000001 147
80.450000000001 147
80.500000000001 147
80.550000000001 147
80.600000000001 147
80.650000000001 147
80.70000000000101 147
80.75000000000101 147
80.800000000001 147
80.850000000001 147
80.900000000001 147
80.95000000000101 147
81.00000000000101 147
81.050000000001 147
81.10000000000102 147
81.15000000000101 147
81.20000000000101 147
81.25000000000101 147
81.300000000001 147
81.35000000000102 147
81.40000000000101 147
81.45000000000101 147
81.50000000000102 147
81.55000000000102 147
81.60000000000102 147
81.65000000000101 147
81.70000000000101 147
81.75000000000102 147
81.80000000000102 147
81.85000000000102 147
81.90000000000103 147
81.95000000000103 147
82.00000000000102 147
82.05000000000102 147
82.10000000000102 147
82.15000000000103 147
82.20000000000103 147
82.25000000000102 147
82.30000000000103 147
82.35000000000103 147
82.40000000000103 147
82.45000000000103 147
82.50000000000102 147
82.55000000000103 147
82.60000000000103 147
82.65000000000103 147
82.70000000000104 147
82.75000000000104 147
82.80000000000103 147
82.85000000000103 147
82.90000000000103 147
82.95000000000104 147
83.00000000000104 147
83.05000000000103 147
83.10000000000105 147
83.15000000000104 147
83.20000000000104 147
83.25000000000104 147
83.30000000000103 147
83.35000000000105 147
83.40000000000104 147
83.45000000000104 147
83.50000000000105 147
83.55000000000105 147
83.60000000000105 147
83.65000000000104 147
83.70000000000104 147
83.75000000000105 147
83.80000000000105 147
83.85000000000105 147
83.90000000000106 147
83.95000000000105 147
84.00000000000105 147
84.05000000000105 147
84.10000000000105 147
84.15000000000106 147
84.20000000000105 147
84.25000000000105 147
84.30000000000106 147
84.35000000000106 147
84.40000000000106 147
84.45000000000105 147
84.50000000000105 147
84.55000000000106 147
84.60000000000106 147
84.65000000000106 147
84.70000000000107 147
84.75000000000107 147
84.80000000000106 147
84.85000000000106 147
84.90000000000106 147
84.95000000000107 147
85.00000000000107 147
85.05000000000106 147
85.10000000000107 146
85.15000000000107 146
85.20000000000107 146
85.25000000000107 146
85.30000000000106 146
85.35000000000107 146
85.40000000000107 146
85.45000000000107 146
85.50000000000108 146
85.55000000000108 146
85.60000000000107 146
85.65000000000107 146
85.70000000000107 146
85.75000000000108 146
85.80000000000108 146
85.85000000000107 146
85.90000000000109 145
85.95000000000108 145
86.00000000000108 145
86.05000000000108 145
86.10000000000107 145
86.15000000000109 145
86.20000000000108 145
86.25000000000108 144
86.30000000000109 144
86.35000000000109 144
86.40000000000109 144
86.45000000000108 144
86.50000000000108 143
86.55000000000109 143
86.60000000000109 143
86.65000000000109 143
86.7000000000011 142
86.7500000000011 142
86.80000000000109 142
86.85000000000109 141
86.90000000000109 141
86.9500000000011 140
87.0000000000011 140
87.05000000000109 140
87.1000000000011 171
87.1500000000011 171
87.2000000000011 171
87.2500000000011 171
87.30000000000109 171
87.3500000000011 171
87.4000000000011 171
87.4500000000011 171
87.50000000000111 171
87.5500000000011 171
87.6000000000011 171
87.6500000000011 171
87.7000000000011 172
87.75000000000111 172
87.8000000000011 172
87.8500000000011 172
87.90000000000111 172
87.95000000000111 173
88.00000000000111 173
88.0500000000011 173
88.1000000000011 174
88.15000000000111 174
88.20000000000111 174
88.25000000000111 174
88.30000000000112 175
88.35000000000112 175
88.40000000000111 176
88.45000000000111 176
88.50000000000111 175
88.55000000000112 174
88.60000000000112 173
88.65000000000111 172
88.70000000000113 170
88.75000000000112 169
88.80000000000112 168
88.85000000000112 167
88.90000000000111 166
88.95000000000113 164
89.00000000000112 163
89.05000000000112 162
89.10000000000113 160
89.15000000000113 159
89.20000000000113 158
89.25000000000112 157
89.30000000000112 155
89.35000000000113 154
89.40000000000113 153
89.45000000000113 152
89.50000000000114 151
89.55000000000113 150
89.60000000000113 148
89.65000000000113 147
89.70000000000113 146
89.75000000000114 145
89.80000000000113 144
89.85000000000113 142
89.90000000000114 140
89.95000000000114 139
90.00000000000114 138
90.05000000000113 137
90.10000000000113 136
90.15000000000114 134
90.20000000000114 133
90.25000000000114 132
90.30000000000115 131
90.35000000000115 129
90.40000000000114 128
90.45000000000114 127
90.50000000000114 126
90.55000000000115 121
90.60000000000115 117
90.65000000000114 114
90.70000000000115 110
90.75000000000115 107
90.80000000000115 103
90.85000000000115 99
90.90000000000114 95
90.95000000000115 91
91.00000000000115 87
91.05000000000115 83
91.10000000000116 79
91.15000000000116 75
91.20000000000115 70
91.25000000000115 69
91.30000000000115 123
91.35000000000116 123
91.40000000000116 123
91.45000000000115 123
91.50000000000117 123
91.55000000000116 123
91.60000000000116 123
91.65000000000116 123
91.70000000000115 123
91.75000000000117 123
91.80000000000116 123
91.85000000000116 123
91.90000000000117 123
91.95000000000117 123
92.00000000000117 123
92.05000000000116 123
92.10000000000116 123
92.15000000000117 123
92.20000000000117 123
92.25000000000117 123
92.30000000000118 123
92.35000000000117 123
92.40000000000117 123
92.45000000000117 123
92.50000000000117 123
92.55000000000118 123
92.60000000000117 123
92.65000000000117 123
92.70000000000118 123
92.75000000000118 123
92.80000000000118 123
92.85000000000117 123
92.90000000000117 123
92.95000000000118 123
93.00000000000118 123
93.05000000000118 123
93.10000000000119 123
93.15000000000119 123
93.20000000000118 123
93.25000000000118 123
93.30000000000118 123
93.35000000000119 123
93.40000000000119 123
93.45000000000118 123
93.5000000000012 123
93.55000000000119 123
93.60000000000119 123
93.65000000000119 123
93.70000000000118 123
93.7500000000012 123
93.80000000000119 123
93.85000000000119 123
93.9000000000012 123
93.9500000000012 123
94.0000000000012 123
94.05000000000119 123
94.10000000000119 123
94.1500000000012 123
94.2000000000012 123
94.2500000000012 123
94.3000000000012 123
94.3500000000012 123
94.4000000000012 123
94.4500000000012 123
94.5000000000012 123
94.5500000000012 123
94.6000000000012 123
94.6500000000012 123
94.70000000000121 123
94.75000000000121 123
94.8000000000012 123
94.8500000000012 123
94.9000000000012 123
94.95000000000121 123
95.00000000000121 123
95.0500000000012 123
95.10000000000122 123
95.15000000000121 123
95.20000000000121 123
95.25000000000121 123
95.3000000000012 123
95.35000000000122 123
95.40000000000121 123
95.45000000000121 123
95.50000000000122 123
95.55000000000122 123
95.60000000000122 123
95.65000000000121 123
95.70000000000121 123
95.75000000000122 123
95.80000000000122 123
95.85000000000122 123
95.90000000000123 123
95.95000000000122 123
96.00000000000122 123
96.05000000000122 123
96.10000000000122 123
96.15000000000123 123
96.20000000000122 123
96.25000000000122 123
96.30000000000123 123
96.35000000000123 123
96.40000000000123 123
96.45000000000122 123
96.50000000000122 123
96.55000000000123 123
96.60000000000123 123
96.65000000000123 123
96.70000000000124 123
96.75000000000124 123
96.80000000000123 123
96.85000000000123 123
96.90000000000123 123
96.95000000000124 123
97.00000000000124 123
97.05000000000123 123
97.10000000000124 123
97.15000000000124 123
97.20000000000124 123
97.25000000000124 123
97.30000000000123 123
97.35000000000124 123
97.40000000000124 123
97.45000000000124 123
97.50000000000125 123
97.55000000000125 123
97.60000000000124 123
97.65000000000124 123
97.70000000000124 123
97.75000000000125 123
97.80000000000125 123
97.85000000000124 123
97.90000000000126 123
97.95000000000125 123
98.00000000000125 123
98.05000000000125 123
98.10000000000124 123
98.15000000000126 123
98.20000000000125 123
98.25000000000125 123
98.30000000000126 123
98.35000000000126 123
98.40000000000126 123
98.45000000000125 123
98.50000000000125 123
98.55000000000126 123
98.60000000000126 123
98.65000000000126 123
98.70000000000127 123
98.75000000000126 123
98.80000000000126 123
98.85000000000126 123
98.90000000000126 123
98.95000000000127 123
99.00000000000126 123
99.05000000000126 123
99.10000000000127 123
99.15000000000127 123
99.20000000000127 123
99.25000000000126 123
99.30000000000126 123
99.35000000000127 123
99.40000000000127 123
99.45000000000127 123
99.50000000000128 123
99.55000000000128 123
99.60000000000127 123
99.65000000000127 123
99.70000000000127 122
99.75000000000128 119
99.80000000000128 115
99.85000000000127 110
99.90000000000128 107
99.95000000000128 103
