10.65000000000001 10
10.70000000000001 10
10.75000000000001 10
10.800000000000011 10
10.850000000000012 10
10.900000000000013 13
10.950000000000014 17
11.000000000000014 20
11.050000000000015 20
11.100000000000016 20
11.150000000000016 20
11.200000000000017 20
11.250000000000018 20
11.300000000000018 20
11.35000000000002 21
11.40000000000002 22
11.45000000000002 22
11.500000000000021 25
11.550000000000022 29
11.600000000000023 29
11.650000000000023 29
11.700000000000024 29
11.750000000000025 29
11.800000000000026 29
11.850000000000026 29
11.900000000000027 29
11.950000000000028 29
12.000000000000028 29
12.05000000000003 29
12.10000000000003 29
12.15000000000003 29
12.200000000000031 29
12.250000000000032 29
12.300000000000033 29
12.350000000000033 29
12.400000000000034 29
12.450000000000035 29
12.500000000000036 29
12.550000000000036 29
12.600000000000037 29
12.650000000000038 29
12.700000000000038 29
12.750000000000039 30
12.80000000000004 30
12.85000000000004 30
12.900000000000041 30
12.950000000000042 31
13.000000000000043 31
13.050000000000043 31
13.100000000000044 31
13.150000000000045 31
13.200000000000045 31
13.250000000000046 31
13.300000000000047 31
13.350000000000048 31
13.400000000000048 31
13.450000000000049 31
13.50000000000005 31
13.55000000000005 31
13.600000000000051 31
13.650000000000052 31
13.700000000000053 31
13.750000000000053 31
13.800000000000054 31
13.850000000000055 31
13.900000000000055 31
13.950000000000056 31
14.000000000000057 31
14.050000000000058 31
14.100000000000058 32
14.150000000000059 32
14.20000000000006 32
14.25000000000006 32
14.300000000000061 32
14.350000000000062 32
14.400000000000063 33
14.450000000000063 34
14.500000000000064 35
14.550000000000065 35
14.600000000000065 36
14.650000000000066 36
14.700000000000067 37
14.750000000000068 37
14.800000000000068 37
14.850000000000069 37
14.90000000000007 37
14.95000000000007 37
15.000000000000071 37
15.050000000000072 37
15.100000000000072 37
15.150000000000073 37
15.200000000000074 37
15.250000000000075 37
15.300000000000075 37
15.350000000000076 37
15.400000000000077 37
15.450000000000077 37
15.500000000000078 37
15.550000000000079 38
15.60000000000008 38
15.65000000000008 39
15.700000000000081 39
15.750000000000082 39
15.800000000000082 39
15.850000000000083 40
15.900000000000084 40
15.950000000000085 40
16.000000000000085 41
16.050000000000086 41
16.100000000000087 41
16.150000000000087 41
16.200000000000088 41
16.25000000000009 42
16.30000000000009 44
16.35000000000009 46
16.40000000000009 48
16.45000000000009 50
16.500000000000092 53
16.550000000000093 54
16.600000000000094 54
16.650000000000095 55
16.700000000000095 55
16.750000000000096 55
16.800000000000097 55
16.850000000000097 55
16.900000000000098 55
16.9500000000001 55
17.0000000000001 55
17.0500000000001 55
17.1000000000001 55
17.1500000000001 55
17.200000000000102 55
17.250000000000103 55
17.300000000000104 55
17.350000000000104 55
17.400000000000105 55
17.450000000000106 55
17.500000000000107 55
17.550000000000107 55
17.600000000000108 55
17.65000000000011 55
17.70000000000011 55
17.75000000000011 56
17.80000000000011 57
17.85000000000011 57
17.900000000000112 58
17.950000000000113 58
18.000000000000114 58
18.050000000000114 58
18.100000000000115 58
18.150000000000116 60
18.200000000000117 60
18.250000000000117 60
18.300000000000118 60
18.35000000000012 61
18.40000000000012 61
18.45000000000012 62
18.50000000000012 62
18.55000000000012 62
18.600000000000122 62
18.650000000000123 62
18.700000000000124 63
18.750000000000124 65
18.800000000000125 68
18.850000000000126 70
18.900000000000126 72
18.950000000000127 74
19.000000000000128 76
19.05000000000013 78
19.10000000000013 80
19.15000000000013 81
19.20000000000013 81
19.25000000000013 83
19.300000000000132 83
19.350000000000133 83
19.400000000000134 83
19.450000000000134 83
19.500000000000135 83
19.550000000000136 83
19.600000000000136 83
19.650000000000137 83
19.700000000000138 83
19.75000000000014 83
19.80000000000014 83
19.85000000000014 83
19.90000000000014 83
19.95000000000014 83
20.000000000000142 83
20.050000000000143 83
20.100000000000144 83
20.150000000000144 83
20.200000000000145 83
20.250000000000146 83
20.300000000000146 83
20.350000000000147 83
20.400000000000148 83
20.45000000000015 83
20.50000000000015 83
20.55000000000015 83
20.60000000000015 83
20.65000000000015 83
20.700000000000152 83
20.750000000000153 83
20.800000000000153 83
20.850000000000154 83
20.900000000000155 83
20.950000000000156 83
21.000000000000156 85
21.050000000000157 85
21.100000000000158 85
21.15000000000016 87
21.20000000000016 87
21.25000000000016 87
21.30000000000016 87
21.35000000000016 87
21.400000000000162 87
21.450000000000163 87
21.500000000000163 87
21.550000000000164 89
21.600000000000165 90
21.650000000000166 90
21.700000000000166 90
21.750000000000167 90
21.800000000000168 91
21.85000000000017 92
21.90000000000017 92
21.95000000000017 92
22.00000000000017 93
22.05000000000017 93
22.100000000000172 93
22.150000000000173 93
22.200000000000173 93
22.250000000000174 93
22.300000000000175 93
22.350000000000176 94
22.400000000000176 96
22.450000000000177 98
22.500000000000178 100
22.55000000000018 102
22.60000000000018 104
22.65000000000018 106
22.70000000000018 109
22.75000000000018 111
22.800000000000182 113
22.850000000000183 115
22.900000000000183 117
22.950000000000184 119
23.000000000000185 120
23.050000000000185 121
23.100000000000186 121
23.150000000000187 122
23.200000000000188 123
23.25000000000019 124
23.30000000000019 124
23.35000000000019 124
23.40000000000019 124
23.45000000000019 124
23.500000000000192 124
23.550000000000193 124
23.600000000000193 124
23.650000000000194 124
23.700000000000195 124
23.750000000000195 124
23.800000000000196 124
23.850000000000197 124
23.900000000000198 124
23.9500000000002 124
24.0000000000002 124
24.0500000000002 124
24.1000000000002 124
24.1500000000002 124
24.200000000000202 124
24.250000000000203 124
24.300000000000203 124
24.350000000000204 124
24.400000000000205 124
24.450000000000205 124
24.500000000000206 124
24.550000000000207 124
24.600000000000207 124
24.650000000000208 124
24.70000000000021 124
24.75000000000021 124
24.80000000000021 124
24.85000000000021 124
24.90000000000021 124
24.950000000000212 124
25.000000000000213 124
25.050000000000214 124
25.100000000000215 124
25.150000000000215 124
25.200000000000216 124
25.250000000000217 124
25.300000000000217 124
25.350000000000218 124
25.40000000000022 124
25.45000000000022 124
25.50000000000022 124
25.55000000000022 124
25.60000000000022 124
25.650000000000222 124
25.700000000000223 124
25.750000000000224 124
25.800000000000225 125
25.850000000000225 127
25.900000000000226 128
25.950000000000227 128
26.000000000000227 128
26.050000000000228 130
26.10000000000023 131
26.15000000000023 131
26.20000000000023 131
26.25000000000023 131
26.30000000000023 131
26.350000000000232 131
26.400000000000233 131
26.450000000000234 131
26.500000000000234 131
26.550000000000235 131
26.600000000000236 131
26.650000000000237 133
26.700000000000237 134
26.750000000000238 135
26.80000000000024 135
26.85000000000024 135
26.90000000000024 135
26.95000000000024 135
27.00000000000024 135
27.050000000000242 136
27.100000000000243 138
27.150000000000244 138
27.200000000000244 138
27.250000000000245 138
27.300000000000246 139
27.350000000000247 139
27.400000000000247 139
27.450000000000248 139
27.50000000000025 139
27.55000000000025 139
27.60000000000025 139
27.65000000000025 139
27.70000000000025 139
27.750000000000252 139
27.800000000000253 139
27.850000000000254 141
27.900000000000254 142
27.950000000000255 144
28.000000000000256 146
28.050000000000257 147
28.100000000000257 150
28.150000000000258 152
28.20000000000026 154
28.25000000000026 156
28.30000000000026 158
28.35000000000026 160
28.40000000000026 162
28.450000000000262 164
28.500000000000263 166
28.550000000000264 168
28.600000000000264 170
28.650000000000265 172
28.700000000000266 174
28.750000000000266 177
28.800000000000267 179
28.850000000000268 180
28.90000000000027 180
28.95000000000027 181
29.00000000000027 181
29.05000000000027 182
29.10000000000027 183
29.150000000000272 185
29.200000000000273 186
29.250000000000274 186
29.300000000000274 186
29.350000000000275 186
29.400000000000276 186
29.450000000000276 186
29.500000000000277 186
29.550000000000278 186
29.60000000000028 186
29.65000000000028 186
29.70000000000028 186
29.75000000000028 186
29.80000000000028 186
29.850000000000282 186
29.900000000000283 186
29.950000000000284 186
30.000000000000284 186
30.050000000000285 186
30.100000000000286 186
30.150000000000286 186
30.200000000000287 186
30.250000000000288 186
30.30000000000029 186
30.35000000000029 186
30.40000000000029 186
30.45000000000029 186
30.50000000000029 186
30.550000000000292 186
30.600000000000293 186
30.650000000000293 186
30.700000000000294 186
30.750000000000295 186
30.800000000000296 186
30.850000000000296 186
30.900000000000297 186
30.950000000000298 186
31.0000000000003 186
31.0500000000003 186
31.1000000000003 186
31.1500000000003 186
31.2000000000003 186
31.250000000000302 186
31.300000000000303 186
31.350000000000303 186
31.400000000000304 186
31.450000000000305 186
31.500000000000306 186
31.550000000000306 186
31.600000000000307 186
31.650000000000308 186
31.70000000000031 186
31.75000000000031 186
31.80000000000031 186
31.85000000000031 186
31.90000000000031 186
31.950000000000312 186
32.00000000000031 186
32.05000000000031 186
32.100000000000314 186
32.15000000000032 186
32.200000000000315 186
32.25000000000031 186
32.30000000000032 186
32.35000000000032 186
32.40000000000032 186
32.450000000000315 186
32.50000000000032 186
32.550000000000324 186
32.60000000000032 186
32.65000000000032 186
32.70000000000032 186
32.75000000000033 186
32.800000000000324 186
32.85000000000032 186
32.900000000000325 186
32.95000000000033 186
33.00000000000033 186
33.050000000000324 187
33.10000000000033 189
33.15000000000033 191
33.20000000000033 192
33.25000000000033 192
33.30000000000033 192
33.350000000000335 192
33.40000000000033 192
33.45000000000033 194
33.500000000000334 195
33.55000000000034 196
33.600000000000335 196
33.65000000000033 196
33.70000000000034 196
33.75000000000034 196
33.80000000000034 196
33.850000000000335 196
33.90000000000034 196
33.950000000000344 196
34.00000000000034 196
34.05000000000034 196
34.10000000000034 196
34.15000000000035 196
34.200000000000344 196
34.25000000000034 196
34.300000000000345 198
34.35000000000035 200
34.40000000000035 200
34.450000000000344 202
34.50000000000035 203
34.55000000000035 203
34.60000000000035 203
34.65000000000035 203
34.70000000000035 203
34.750000000000355 203
34.80000000000035 203
34.85000000000035 203
34.900000000000354 203
34.95000000000036 204
35.000000000000355 206
35.05000000000035 207
35.10000000000036 207
35.15000000000036 207
35.20000000000036 207
35.250000000000355 208
35.30000000000036 208
35.350000000000364 209
35.40000000000036 209
35.45000000000036 209
35.50000000000036 209
35.55000000000037 209
35.600000000000364 209
35.65000000000036 209
35.700000000000365 209
35.75000000000037 209
35.80000000000037 209
35.850000000000364 209
35.90000000000037 209
35.95000000000037 209
36.00000000000037 209
36.05000000000037 209
36.10000000000037 210
36.150000000000375 211
36.20000000000037 212
36.25000000000037 214
36.300000000000374 216
36.35000000000038 218
36.400000000000375 220
36.45000000000037 222
36.50000000000038 224
36.55000000000038 226
36.60000000000038 228
36.650000000000375 230
36.70000000000038 232
36.750000000000384 234
36.80000000000038 237
36.85000000000038 239
36.90000000000038 241
36.95000000000039 243
37.000000000000384 245
37.05000000000038 247
37.100000000000385 249
37.15000000000039 251
37.20000000000039 253
37.250000000000384 255
37.30000000000039 257
37.35000000000039 259
37.40000000000039 262
37.45000000000039 264
37.50000000000039 266
37.550000000000395 268
37.60000000000039 270
37.65000000000039 270
37.700000000000394 270
37.7500000000004 271
37.800000000000395 272
37.85000000000039 272
37.9000000000004 273
37.9500000000004 273
38.0000000000004 273
38.050000000000395 275
38.1000000000004 277
38.150000000000404 279
38.2000000000004 279
38.2500000000004 279
38.3000000000004 279
38.350000000000406 279
38.400000000000404 279
38.4500000000004 279
38.500000000000405 279
38.55000000000041 279
38.600000000000406 279
38.650000000000404 279
38.70000000000041 279
38.75000000000041 279
38.80000000000041 279
38.850000000000406 279
38.90000000000041 279
38.950000000000415 279
39.00000000000041 279
39.05000000000041 279
39.10000000000041 279
39.15000000000042 279
39.200000000000415 279
39.25000000000041 279
39.300000000000416 279
39.35000000000042 279
39.40000000000042 279
39.450000000000415 279
39.50000000000042 279
39.55000000000042 279
39.60000000000042 279
39.65000000000042 279
39.70000000000042 279
39.750000000000426 279
39.80000000000042 279
39.85000000000042 279
39.900000000000425 279
39.95000000000043 279
40.000000000000426 279
40.05000000000042 279
40.10000000000043 279
40.15000000000043 279
40.20000000000043 279
40.250000000000426 279
40.30000000000043 279
40.350000000000435 279
40.40000000000043 279
40.45000000000043 279
40.50000000000043 279
40.55000000000044 279
40.600000000000435 279
40.65000000000043 279
40.700000000000436 279
40.75000000000044 279
40.80000000000044 279
40.850000000000435 279
40.90000000000044 279
40.95000000000044 279
41.00000000000044 279
41.05000000000044 279
41.10000000000044 279
41.150000000000446 279
41.20000000000044 279
41.25000000000044 279
41.300000000000445 279
41.35000000000045 279
41.400000000000446 279
41.45000000000044 279
41.50000000000045 279
41.55000000000045 279
41.60000000000045 279
41.650000000000446 279
41.70000000000045 279
41.750000000000455 279
41.80000000000045 279
41.85000000000045 279
41.90000000000045 279
41.95000000000046 279
42.000000000000455 279
42.05000000000045 279
42.100000000000456 279
42.15000000000046 279
42.20000000000046 279
42.250000000000455 279
42.30000000000046 279
42.35000000000046 280
42.40000000000046 281
42.45000000000046 281
42.50000000000046 281
42.550000000000466 281
42.60000000000046 281
42.65000000000046 281
42.700000000000465 281
42.75000000000047 281
42.800000000000466 281
42.85000000000046 281
42.90000000000047 281
42.95000000000047 281
43.00000000000047 281
43.050000000000466 281
43.10000000000047 281
43.150000000000475 281
43.20000000000047 281
43.25000000000047 281
43.30000000000047 281
43.35000000000048 281
43.400000000000475 281
43.45000000000047 281
43.500000000000476 281
43.55000000000048 281
43.60000000000048 281
43.650000000000475 281
43.70000000000048 281
43.75000000000048 281
43.80000000000048 281
43.85000000000048 281
43.90000000000048 281
43.950000000000486 281
44.00000000000048 281
44.05000000000048 281
44.100000000000485 281
44.15000000000049 281
44.200000000000486 281
44.25000000000048 281
44.30000000000049 281
44.35000000000049 281
44.40000000000049 281
44.450000000000486 281
44.50000000000049 281
44.550000000000495 281
44.60000000000049 281
44.65000000000049 281
44.70000000000049 281
44.7500000000005 281
44.800000000000495 281
44.85000000000049 281
44.900000000000496 281
44.9500000000005 281
45.0000000000005 281
45.050000000000495 281
45.1000000000005 281
45.1500000000005 281
45.2000000000005 281
45.2500000000005 281
45.3000000000005 281
45.350000000000506 281
45.4000000000005 281
45.4500000000005 281
45.500000000000504 281
45.55000000000051 281
45.600000000000506 281
45.6500000000005 281
45.70000000000051 281
45.75000000000051 281
45.80000000000051 281
45.850000000000506 281
45.90000000000051 281
45.950000000000514 281
46.00000000000051 281
46.05000000000051 281
46.10000000000051 281
46.15000000000052 281
46.200000000000514 281
46.25000000000051 281
46.300000000000516 281
46.35000000000052 280
46.40000000000052 279
46.450000000000514 277
46.50000000000052 276
46.55000000000052 275
46.60000000000052 274
46.65000000000052 272
46.70000000000052 271
46.750000000000526 270
46.80000000000052 269
46.85000000000052 267
46.900000000000524 266
46.95000000000053 266
47.000000000000526 266
47.05000000000052 265
47.10000000000053 265
47.15000000000053 265
47.20000000000053 264
47.250000000000526 264
47.30000000000053 264
47.350000000000534 263
47.40000000000053 262
47.45000000000053 261
47.50000000000053 261
47.55000000000054 261
47.600000000000534 261
47.65000000000053 261
47.700000000000536 261
47.75000000000054 261
47.80000000000054 261
47.850000000000534 261
47.90000000000054 261
47.95000000000054 261
48.00000000000054 261
48.05000000000054 261
48.10000000000054 261
48.150000000000546 261
48.20000000000054 261
48.25000000000054 261
48.300000000000544 261
48.35000000000055 261
48.400000000000546 261
48.45000000000054 261
48.50000000000055 261
48.55000000000055 261
48.60000000000055 261
48.650000000000546 261
48.70000000000055 261
48.750000000000554 261
48.80000000000055 261
48.85000000000055 261
48.90000000000055 261
48.95000000000056 261
49.000000000000554 261
49.05000000000055 261
49.100000000000556 261
49.15000000000056 261
49.20000000000056 261
49.250000000000554 261
49.30000000000056 261
49.35000000000056 261
49.40000000000056 261
49.45000000000056 260
49.50000000000056 259
49.550000000000566 259
49.60000000000056 259
49.65000000000056 259
49.700000000000564 259
49.75000000000057 259
49.800000000000566 259
49.85000000000056 258
49.90000000000057 258
49.95000000000057 258
50.00000000000057 258
50.050000000000566 258
50.10000000000057 257
50.150000000000574 255
50.20000000000057 254
50.25000000000057 253
50.30000000000057 251
50.35000000000058 250
50.400000000000574 249
50.45000000000057 248
50.500000000000576 247
50.55000000000058 247
50.60000000000058 246
50.650000000000574 246
50.70000000000058 246
50.75000000000058 246
50.80000000000058 244
50.85000000000058 243
50.90000000000058 243
50.950000000000585 243
51.00000000000058 243
51.05000000000058 243
51.100000000000584 243
51.15000000000059 243
51.200000000000585 243
51.25000000000058 243
51.30000000000059 243
51.35000000000059 243
51.40000000000059 243
51.450000000000585 243
51.50000000000059 243
51.550000000000594 243
51.60000000000059 243
51.65000000000059 243
51.70000000000059 243
51.7500000000006 243
51.800000000000594 243
51.85000000000059 243
51.900000000000595 243
51.9500000000006 242
52.0000000000006 242
52.050000000000594 242
52.1000000000006 242
52.1500000000006 242
52.2000000000006 241
52.2500000000006 239
52.3000000000006 238
52.350000000000605 237
52.4000000000006 236
52.4500000000006 234
52.500000000000604 233
52.55000000000061 232
52.600000000000605 230
52.6500000000006 230
52.70000000000061 230
52.75000000000061 230
52.80000000000061 230
52.850000000000605 230
52.90000000000061 229
52.950000000000614 229
53.00000000000061 229
53.05000000000061 229
53.10000000000061 229
53.15000000000062 229
53.200000000000614 229
53.25000000000061 229
53.300000000000615 229
53.35000000000062 229
53.40000000000062 228
53.450000000000614 228
53.50000000000062 228
53.55000000000062 228
53.60000000000062 228
53.65000000000062 228
53.70000000000062 228
53.750000000000625 228
53.80000000000062 227
53.85000000000062 226
53.900000000000624 226
53.95000000000063 226
54.000000000000625 226
54.05000000000062 226
54.10000000000063 226
54.15000000000063 226
54.20000000000063 226
54.250000000000625 226
54.30000000000063 226
54.350000000000634 226
54.40000000000063 226
54.45000000000063 225
54.50000000000063 225
54.55000000000064 225
54.600000000000634 225
54.65000000000063 225
54.700000000000635 225
54.75000000000064 225
54.80000000000064 225
54.850000000000634 225
54.90000000000064 225
54.95000000000064 225
55.00000000000064 224
55.05000000000064 224
55.10000000000064 224
55.150000000000645 224
55.20000000000064 222
55.25000000000064 222
55.300000000000644 222
55.35000000000065 221
55.400000000000645 221
55.45000000000064 221
55.50000000000065 221
55.55000000000065 220
55.60000000000065 220
55.650000000000645 220
55.70000000000065 220
55.750000000000654 219
55.80000000000065 219
55.85000000000065 219
55.90000000000065 219
55.95000000000066 196
56.000000000000654 196
56.05000000000065 196
56.100000000000655 196
56.15000000000066 196
56.20000000000066 196
56.250000000000654 196
56.30000000000066 196
56.35000000000066 196
56.40000000000066 196
56.45000000000066 196
56.50000000000066 196
56.550000000000665 196
56.60000000000066 196
56.65000000000066 196
56.700000000000664 196
56.75000000000067 196
56.800000000000665 196
56.85000000000066 196
56.90000000000067 196
56.95000000000067 196
57.00000000000067 196
57.050000000000665 196
57.10000000000067 196
57.150000000000674 196
57.20000000000067 196
57.25000000000067 196
57.30000000000067 196
57.350000000000676 196
57.400000000000674 196
57.45000000000067 196
57.500000000000675 196
57.55000000000068 196
57.600000000000676 196
57.650000000000674 196
57.70000000000068 196
57.75000000000068 196
57.80000000000068 196
57.850000000000676 196
57.90000000000068 196
57.950000000000685 196
58.00000000000068 196
58.05000000000068 196
58.10000000000068 196
58.15000000000069 196
58.200000000000685 196
58.25000000000068 196
58.300000000000686 196
58.35000000000069 196
58.40000000000069 196
58.450000000000685 196
58.50000000000069 196
58.55000000000069 196
58.60000000000069 196
58.65000000000069 196
58.70000000000069 196
58.750000000000696 196
58.80000000000069 196
58.85000000000069 196
58.900000000000695 196
58.9500000000007 196
59.000000000000696 196
59.05000000000069 196
59.1000000000007 196
59.1500000000007 196
59.2000000000007 196
59.250000000000696 196
59.3000000000007 196
59.350000000000705 196
59.4000000000007 196
59.4500000000007 196
59.5000000000007 196
59.55000000000071 196
59.600000000000705 196
59.6500000000007 196
59.700000000000706 196
59.75000000000071 196
59.80000000000071 196
59.850000000000705 196
59.90000000000071 196
59.95000000000071 196
60.00000000000071 196
60.05000000000071 196
60.10000000000071 196
60.150000000000716 196
60.20000000000071 196
60.25000000000071 196
60.300000000000715 196
60.35000000000072 196
60.400000000000716 196
60.45000000000071 196
60.50000000000072 196
60.55000000000072 196
60.60000000000072 196
60.650000000000716 196
60.70000000000072 196
60.750000000000725 196
60.80000000000072 196
60.85000000000072 196
60.90000000000072 196
60.95000000000073 196
61.000000000000725 196
61.05000000000072 196
61.100000000000726 196
61.15000000000073 196
61.20000000000073 196
61.250000000000725 196
61.30000000000073 196
61.35000000000073 196
61.40000000000073 196
61.45000000000073 196
61.50000000000073 196
61.550000000000736 196
61.60000000000073 196
61.65000000000073 196
61.700000000000735 196
61.75000000000074 196
61.800000000000736 196
61.85000000000073 196
61.90000000000074 196
61.95000000000074 196
62.00000000000074 196
62.050000000000736 196
62.10000000000074 196
62.150000000000745 196
62.20000000000074 196
62.25000000000074 196
62.30000000000074 196
62.35000000000075 196
62.400000000000745 196
62.45000000000074 196
62.500000000000746 196
62.55000000000075 196
62.60000000000075 196
62.650000000000745 196
62.70000000000075 196
62.75000000000075 196
62.80000000000075 196
62.85000000000075 196
62.90000000000075 196
62.950000000000756 196
63.00000000000075 196
63.05000000000075 196
63.100000000000755 196
63.15000000000076 196
63.200000000000756 196
63.25000000000075 196
63.30000000000076 196
63.35000000000076 196
63.40000000000076 196
63.450000000000756 196
63.50000000000076 196
63.550000000000765 196
63.60000000000076 196
63.65000000000076 196
63.70000000000076 196
63.75000000000077 196
63.800000000000765 196
63.85000000000076 196
63.900000000000766 196
63.95000000000077 196
64.00000000000077 196
64.05000000000076 196
64.10000000000076 196
64.15000000000077 196
64.20000000000077 196
64.25000000000077 196
64.30000000000078 196
64.35000000000078 196
64.40000000000077 196
64.45000000000077 196
64.50000000000077 196
64.55000000000078 196
64.60000000000078 196
64.65000000000077 196
64.70000000000078 196
64.75000000000078 196
64.80000000000078 196
64.85000000000078 196
64.90000000000077 1
64.95000000000078 1
65.00000000000078 4
65.05000000000078 4
65.10000000000079 4
65.15000000000079 7
65.20000000000078 7
65.25000000000078 7
65.30000000000078 10
65.35000000000079 13
65.40000000000079 13
65.45000000000078 13
65.5000000000008 13
65.5500000000008 19
65.60000000000079 22
65.65000000000079 25
65.70000000000078 25
65.7500000000008 25
65.8000000000008 28
65.85000000000079 31
65.9000000000008 37
65.9500000000008 40
66.0000000000008 43
66.0500000000008 46
66.10000000000079 46
66.1500000000008 46
66.2000000000008 46
66.2500000000008 46
66.30000000000081 46
66.3500000000008 49
66.4000000000008 52
66.4500000000008 52
66.5000000000008 58
66.55000000000081 58
66.6000000000008 58
66.6500000000008 61
66.70000000000081 64
66.75000000000081 67
66.80000000000081 70
66.8500000000008 70
66.9000000000008 70
66.95000000000081 70
67.00000000000081 70
67.05000000000081 73
67.10000000000082 76
67.15000000000082 76
67.20000000000081 82
67.25000000000081 82
67.30000000000081 85
67.35000000000082 88
67.40000000000082 94
67.45000000000081 94
67.50000000000082 97
67.55000000000082 100
67.60000000000082 100
67.65000000000082 103
67.70000000000081 103
67.75000000000082 103
67.80000000000082 103
67.85000000000082 103
67.90000000000083 103
67.95000000000083 106
68.00000000000082 109
68.05000000000082 112
68.10000000000082 112
68.15000000000083 115
68.20000000000083 118
68.25000000000082 118
68.30000000000084 121
68.35000000000083 124
68.40000000000083 127
68.45000000000083 130
68.50000000000082 133
68.55000000000084 133
68.60000000000083 136
68.65000000000083 136
68.70000000000084 136
68.75000000000084 136
68.80000000000084 136
68.85000000000083 136
68.90000000000083 136
68.95000000000084 136
69.00000000000084 139
69.05000000000084 142
69.10000000000085 145
69.15000000000084 148
69.20000000000084 151
69.25000000000084 154
69.30000000000084 157
69.35000000000085 160
69.40000000000084 160
69.45000000000084 163
69.50000000000085 166
69.55000000000085 169
69.60000000000085 172
69.65000000000084 172
69.70000000000084 175
69.75000000000085 178
69.80000000000085 178
69.85000000000085 178
69.90000000000086 178
69.95000000000086 178
70.00000000000085 178
70.05000000000085 178
70.10000000000085 181
70.15000000000086 184
70.20000000000086 184
70.25000000000085 187
70.30000000000086 190
70.35000000000086 190
70.40000000000086 193
70.45000000000086 196
70.50000000000085 196
70.55000000000086 196
70.60000000000086 196
70.65000000000086 196
70.70000000000087 196
70.75000000000087 196
70.80000000000086 196
70.85000000000086 196
70.90000000000086 196
70.95000000000087 197
71.00000000000087 197
71.05000000000086 197
71.10000000000088 197
71.15000000000087 197
71.20000000000087 197
71.25000000000087 197
71.30000000000086 197
71.35000000000088 197
71.40000000000087 197
71.45000000000087 197
71.50000000000088 197
71.55000000000088 197
71.60000000000088 197
71.65000000000087 197
71.70000000000087 197
71.75000000000088 210
71.80000000000088 210
71.85000000000088 209
71.90000000000089 210
71.95000000000088 210
72.00000000000088 210
72.05000000000088 208
72.10000000000088 207
72.15000000000089 206
72.20000000000088 205
72.25000000000088 203
72.30000000000089 202
72.35000000000089 201
72.40000000000089 201
72.45000000000088 201
72.50000000000088 201
72.55000000000089 201
72.60000000000089 201
72.65000000000089 201
72.7000000000009 201
72.7500000000009 201
72.80000000000089 201
72.85000000000089 201
72.90000000000089 200
72.9500000000009 210
73.0000000000009 210
73.05000000000089 210
73.1000000000009 210
73.1500000000009 210
73.2000000000009 210
73.2500000000009 210
73.30000000000089 210
73.3500000000009 210
73.4000000000009 210
73.4500000000009 210
73.50000000000091 210
73.5500000000009 210
73.6000000000009 210
73.6500000000009 211
73.7000000000009 211
73.75000000000091 211
73.8000000000009 211
73.8500000000009 211
73.90000000000092 211
73.95000000000091 211
74.00000000000091 211
74.0500000000009 212
74.1000000000009 212
74.15000000000092 212
74.20000000000091 212
74.25000000000091 212
74.30000000000092 212
74.35000000000092 212
74.40000000000092 212
74.45000000000091 212
74.50000000000091 212
74.55000000000092 212
74.60000000000092 212
74.65000000000092 212
74.70000000000093 212
74.75000000000092 212
74.80000000000092 212
74.85000000000092 212
74.90000000000092 212
74.95000000000093 212
75.00000000000092 212
75.05000000000092 212
75.10000000000093 212
75.15000000000093 212
75.20000000000093 212
75.25000000000092 212
75.30000000000092 211
75.35000000000093 209
75.40000000000093 208
75.45000000000093 207
75.50000000000094 205
75.55000000000094 204
75.60000000000093 203
75.65000000000093 202
75.70000000000093 201
75.75000000000094 199
75.80000000000094 198
75.85000000000093 197
75.90000000000094 195
75.95000000000094 194
76.00000000000094 193
76.05000000000094 192
76.10000000000093 190
76.15000000000094 189
76.20000000000094 188
76.25000000000094 187
76.30000000000095 186
76.35000000000095 184
76.40000000000094 183
76.45000000000094 182
76.50000000000094 181
76.55000000000095 181
76.60000000000095 181
76.65000000000094 181
76.70000000000095 181
76.75000000000095 181
76.80000000000095 181
76.85000000000095 181
76.90000000000094 181
76.95000000000095 181
77.00000000000095 181
77.05000000000095 181
77.10000000000096 181
77.15000000000096 181
77.20000000000095 181
77.25000000000095 179
77.30000000000095 178
77.35000000000096 176
77.40000000000096 175
77.45000000000095 173
77.50000000000097 172
77.55000000000096 171
77.60000000000096 170
77.65000000000096 168
77.70000000000095 167
77.75000000000097 166
77.80000000000096 165
77.85000000000096 163
77.90000000000097 162
77.95000000000097 161
78.00000000000097 159
78.05000000000096 158
78.10000000000096 146
78.15000000000097 142
78.20000000000097 141
78.25000000000097 141
78.30000000000098 141
78.35000000000097 141
78.40000000000097 141
78.45000000000097 141
78.50000000000097 141
78.55000000000098 141
78.60000000000097 141
78.65000000000097 141
78.70000000000098 141
78.75000000000098 141
78.80000000000098 141
78.85000000000097 141
78.90000000000097 141
78.95000000000098 141
79.00000000000098 141
79.05000000000098 141
79.10000000000099 141
79.15000000000099 141
79.20000000000098 141
79.25000000000098 141
79.30000000000098 141
79.35000000000099 141
79.40000000000099 141
79.45000000000098 141
79.500000000001 141
79.55000000000099 141
79.60000000000099 141
79.65000000000099 141
79.70000000000098 141
79.750000000001 141
79.80000000000099 141
79.85000000000099 141
79.900000000001 140
79.950000000001 140
80.000000000001 140
80.05000000000099 140
80.10000000000099 140
80.150000000001 139
80.200000000001 139
80.250000000001 139
80.300000000001 138
80.350000000001 138
80.400000000001 138
80.450000000001 138
80.500000000001 138
80.550000000001 137
80.600000000001 137
80.650000000001 137
80.70000000000101 136
80.75000000000101 136
80.800000000001 135
80.850000000001 135
80.900000000001 135
80.95000000000101 135
81.00000000000101 135
81.050000000001 134
81.10000000000102 130
81.15000000000101 125
81.20000000000101 121
81.25000000000101 117
81.300000000001 113
81.35000000000102 109
81.40000000000101 105
81.45000000000101 101
81.50000000000102 100
81.55000000000102 100
81.60000000000102 100
81.65000000000101 100
81.70000000000101 100
81.75000000000102 100
81.80000000000102 100
81.85000000000102 100
81.90000000000103 100
81.95000000000103 100
82.00000000000102 100
82.05000000000102 100
82.10000000000102 100
82.15000000000103 100
82.20000000000103 100
82.25000000000102 100
82.30000000000103 100
82.35000000000103 100
82.40000000000103 100
82.45000000000103 100
82.50000000000102 100
82.55000000000103 100
82.60000000000103 100
82.65000000000103 100
82.70000000000104 100
82.75000000000104 100
82.80000000000103 100
82.85000000000103 100
82.90000000000103 100
82.95000000000104 100
83.00000000000104 100
83.05000000000103 100
83.10000000000105 100
83.15000000000104 100
83.20000000000104 100
83.25000000000104 100
83.30000000000103 100
83.35000000000105 100
83.40000000000104 100
83.45000000000104 100
83.50000000000105 100
83.55000000000105 100
83.60000000000105 100
83.65000000000104 100
83.70000000000104 100
83.75000000000105 100
83.80000000000105 100
83.85000000000105 100
83.90000000000106 100
83.95000000000105 100
84.00000000000105 100
84.05000000000105 100
84.10000000000105 148
84.15000000000106 148
84.20000000000105 148
84.25000000000105 148
84.30000000000106 148
84.35000000000106 148
84.40000000000106 148
84.45000000000105 148
84.50000000000105 148
84.55000000000106 148
84.60000000000106 148
84.65000000000106 148
84.70000000000107 148
84.75000000000107 148
84.80000000000106 148
84.85000000000106 148
84.90000000000106 148
84.95000000000107 148
85.00000000000107 148
85.05000000000106 148
85.10000000000107 148
85.15000000000107 148
85.20000000000107 148
85.25000000000107 148
85.30000000000106 148
85.35000000000107 148
85.40000000000107 148
85.45000000000107 148
85.50000000000108 148
85.55000000000108 148
85.60000000000107 148
85.65000000000107 148
85.70000000000107 148
85.75000000000108 148
85.80000000000108 148
85.85000000000107 148
85.90000000000109 148
85.95000000000108 148
86.00000000000108 148
86.05000000000108 148
86.10000000000107 148
86.15000000000109 148
86.20000000000108 148
86.25000000000108 148
86.30000000000109 148
86.35000000000109 148
86.40000000000109 148
86.45000000000108 148
86.50000000000108 148
86.55000000000109 148
86.60000000000109 148
86.65000000000109 148
86.7000000000011 148
86.7500000000011 148
86.80000000000109 148
86.85000000000109 148
86.90000000000109 148
86.9500000000011 148
87.0000000000011 148
87.05000000000109 148
87.1000000000011 148
87.1500000000011 148
87.2000000000011 148
87.2500000000011 148
87.30000000000109 148
87.3500000000011 148
87.4000000000011 148
87.4500000000011 148
87.50000000000111 148
87.5500000000011 148
87.6000000000011 148
87.6500000000011 148
87.7000000000011 148
87.75000000000111 148
87.8000000000011 148
87.8500000000011 148
87.90000000000111 148
87.95000000000111 148
88.00000000000111 148
88.0500000000011 148
88.1000000000011 148
88.15000000000111 148
88.20000000000111 148
88.25000000000111 148
88.30000000000112 148
88.35000000000112 148
88.40000000000111 148
88.45000000000111 148
88.50000000000111 148
88.55000000000112 148
88.60000000000112 148
88.65000000000111 148
88.70000000000113 148
88.75000000000112 148
88.80000000000112 148
88.85000000000112 148
88.90000000000111 148
88.95000000000113 148
89.00000000000112 148
89.05000000000112 148
89.10000000000113 148
89.15000000000113 148
89.20000000000113 148
89.25000000000112 148
89.30000000000112 148
89.35000000000113 148
89.40000000000113 148
89.45000000000113 148
89.50000000000114 148
89.55000000000113 148
89.60000000000113 148
89.65000000000113 148
89.70000000000113 148
89.75000000000114 148
89.80000000000113 148
89.85000000000113 148
89.90000000000114 148
89.95000000000114 148
90.00000000000114 148
90.05000000000113 148
90.10000000000113 148
90.15000000000114 148
90.20000000000114 148
90.25000000000114 148
90.30000000000115 148
90.35000000000115 148
90.40000000000114 148
90.45000000000114 148
90.50000000000114 148
90.55000000000115 148
90.60000000000115 148
90.65000000000114 148
90.70000000000115 148
90.75000000000115 148
90.80000000000115 148
90.85000000000115 148
90.90000000000114 148
90.95000000000115 148
91.00000000000115 148
91.05000000000115 148
91.10000000000116 148
91.15000000000116 148
91.20000000000115 148
91.25000000000115 148
91.30000000000115 148
91.35000000000116 148
91.40000000000116 148
91.45000000000115 148
91.50000000000117 148
91.55000000000116 148
91.60000000000116 148
91.65000000000116 148
91.70000000000115 148
91.75000000000117 148
91.80000000000116 148
91.85000000000116 148
91.90000000000117 148
91.95000000000117 148
92.00000000000117 148
92.05000000000116 148
92.10000000000116 148
92.15000000000117 148
92.20000000000117 148
92.25000000000117 148
92.30000000000118 148
92.35000000000117 148
92.40000000000117 148
92.45000000000117 148
92.50000000000117 148
92.55000000000118 148
92.60000000000117 148
92.65000000000117 148
92.70000000000118 148
92.75000000000118 148
92.80000000000118 148
92.85000000000117 148
92.90000000000117 148
92.95000000000118 148
93.00000000000118 148
93.05000000000118 148
93.10000000000119 148
93.15000000000119 148
93.20000000000118 148
93.25000000000118 148
93.30000000000118 148
93.35000000000119 148
93.40000000000119 148
93.45000000000118 148
93.5000000000012 148
93.55000000000119 148
93.60000000000119 148
93.65000000000119 148
93.70000000000118 148
93.7500000000012 148
93.80000000000119 148
93.85000000000119 148
93.9000000000012 148
93.9500000000012 148
94.0000000000012 148
94.05000000000119 148
94.10000000000119 148
94.1500000000012 148
94.2000000000012 148
94.2500000000012 148
94.3000000000012 148
94.3500000000012 148
94.4000000000012 148
94.4500000000012 148
94.5000000000012 148
94.5500000000012 148
94.6000000000012 148
94.6500000000012 148
94.70000000000121 148
94.75000000000121 148
94.8000000000012 148
94.8500000000012 148
94.9000000000012 148
94.95000000000121 148
95.00000000000121 148
95.0500000000012 148
95.10000000000122 148
95.15000000000121 148
95.20000000000121 148
95.25000000000121 148
95.3000000000012 148
95.35000000000122 148
95.40000000000121 148
95.45000000000121 148
95.50000000000122 148
95.55000000000122 148
95.60000000000122 148
95.65000000000121 148
95.70000000000121 148
95.75000000000122 148
95.80000000000122 148
95.85000000000122 148
95.90000000000123 148
95.95000000000122 148
96.00000000000122 148
96.05000000000122 148
96.10000000000122 148
96.15000000000123 148
96.20000000000122 148
96.25000000000122 148
96.30000000000123 148
96.35000000000123 148
96.40000000000123 148
96.45000000000122 148
96.50000000000122 148
96.55000000000123 148
96.60000000000123 148
96.65000000000123 148
96.70000000000124 148
96.75000000000124 148
96.80000000000123 148
96.85000000000123 148
96.90000000000123 148
96.95000000000124 148
97.00000000000124 148
97.05000000000123 148
97.10000000000124 148
97.15000000000124 148
97.20000000000124 148
97.25000000000124 148
97.30000000000123 148
97.35000000000124 148
97.40000000000124 148
97.45000000000124 148
97.50000000000125 148
97.55000000000125 148
97.60000000000124 148
97.65000000000124 148
97.70000000000124 148
97.75000000000125 148
97.80000000000125 148
97.85000000000124 148
97.90000000000126 148
97.95000000000125 148
98.00000000000125 148
98.05000000000125 148
98.10000000000124 148
98.15000000000126 148
98.20000000000125 148
98.25000000000125 148
98.30000000000126 148
98.35000000000126 148
98.40000000000126 148
98.45000000000125 148
98.50000000000125 148
98.55000000000126 148
98.60000000000126 148
98.65000000000126 148
98.70000000000127 148
98.75000000000126 148
98.80000000000126 148
98.85000000000126 148
98.90000000000126 148
98.95000000000127 148
99.00000000000126 148
99.05000000000126 148
99.10000000000127 148
99.15000000000127 148
99.20000000000127 148
99.25000000000126 148
99.30000000000126 148
99.35000000000127 148
99.40000000000127 148
99.45000000000127 148
99.50000000000128 148
99.55000000000128 148
99.60000000000127 148
99.65000000000127 148
99.70000000000127 148
99.75000000000128 148
99.80000000000128 148
99.85000000000127 148
99.90000000000128 148
99.95000000000128 148
