10.550000000000008 10
10.600000000000009 10
10.65000000000001 10
10.70000000000001 10
10.75000000000001 10
10.800000000000011 14
10.850000000000012 18
10.900000000000013 20
10.950000000000014 20
11.000000000000014 21
11.050000000000015 25
11.100000000000016 29
11.150000000000016 29
11.200000000000017 29
11.250000000000018 29
11.300000000000018 29
11.35000000000002 29
11.40000000000002 29
11.45000000000002 29
11.500000000000021 29
11.550000000000022 29
11.600000000000023 29
11.650000000000023 29
11.700000000000024 29
11.750000000000025 29
11.800000000000026 30
11.850000000000026 30
11.900000000000027 30
11.950000000000028 30
12.000000000000028 30
12.05000000000003 30
12.10000000000003 30
12.15000000000003 31
12.200000000000031 31
12.250000000000032 31
12.300000000000033 31
12.350000000000033 31
12.400000000000034 31
12.450000000000035 31
12.500000000000036 31
12.550000000000036 31
12.600000000000037 31
12.650000000000038 31
12.700000000000038 31
12.750000000000039 31
12.80000000000004 31
12.85000000000004 31
12.900000000000041 31
12.950000000000042 31
13.000000000000043 31
13.050000000000043 31
13.100000000000044 31
13.150000000000045 32
13.200000000000045 32
13.250000000000046 32
13.300000000000047 32
13.350000000000048 32
13.400000000000048 32
13.450000000000049 32
13.50000000000005 33
13.55000000000005 33
13.600000000000051 33
13.650000000000052 33
13.700000000000053 33
13.750000000000053 33
13.800000000000054 33
13.850000000000055 33
13.900000000000055 33
13.950000000000056 33
14.000000000000057 33
14.050000000000058 33
14.100000000000058 33
14.150000000000059 33
14.20000000000006 33
14.25000000000006 33
14.300000000000061 33
14.350000000000062 33
14.400000000000063 33
14.450000000000063 33
14.500000000000064 33
14.550000000000065 33
14.600000000000065 33
14.650000000000066 35
14.700000000000067 37
14.750000000000068 38
14.800000000000068 39
14.850000000000069 41
14.90000000000007 42
14.95000000000007 43
15.000000000000071 44
15.050000000000072 44
15.100000000000072 44
15.150000000000073 44
15.200000000000074 45
15.250000000000075 45
15.300000000000075 45
15.350000000000076 45
15.400000000000077 45
15.450000000000077 45
15.500000000000078 45
15.550000000000079 45
15.60000000000008 45
15.65000000000008 45
15.700000000000081 45
15.750000000000082 45
15.800000000000082 45
15.850000000000083 45
15.900000000000084 45
15.950000000000085 45
16.000000000000085 45
16.050000000000086 45
16.100000000000087 45
16.150000000000087 45
16.200000000000088 45
16.25000000000009 45
16.30000000000009 45
16.35000000000009 45
16.40000000000009 45
16.45000000000009 45
16.500000000000092 45
16.550000000000093 46
16.600000000000094 48
16.650000000000095 50
16.700000000000095 52
16.750000000000096 54
16.800000000000097 56
16.850000000000097 58
16.900000000000098 60
16.9500000000001 62
17.0000000000001 64
17.0500000000001 65
17.1000000000001 65
17.1500000000001 66
17.200000000000102 66
17.250000000000103 66
17.300000000000104 66
17.350000000000104 67
17.400000000000105 67
17.450000000000106 68
17.500000000000107 68
17.550000000000107 68
17.600000000000108 68
17.65000000000011 68
17.70000000000011 68
17.75000000000011 68
17.80000000000011 68
17.85000000000011 68
17.900000000000112 68
17.950000000000113 68
18.000000000000114 68
18.050000000000114 68
18.100000000000115 68
18.150000000000116 68
18.200000000000117 68
18.250000000000117 68
18.300000000000118 68
18.35000000000012 68
18.40000000000012 68
18.45000000000012 68
18.50000000000012 68
18.55000000000012 68
18.600000000000122 68
18.650000000000123 68
18.700000000000124 68
18.750000000000124 68
18.800000000000125 68
18.850000000000126 68
18.900000000000126 68
18.950000000000127 68
19.000000000000128 68
19.05000000000013 68
19.10000000000013 68
19.15000000000013 70
19.20000000000013 72
19.25000000000013 72
19.300000000000132 74
19.350000000000133 76
19.400000000000134 78
19.450000000000134 81
19.500000000000135 83
19.550000000000136 85
19.600000000000136 87
19.650000000000137 89
19.700000000000138 91
19.75000000000014 93
19.80000000000014 95
19.85000000000014 97
19.90000000000014 98
19.95000000000014 98
20.000000000000142 98
20.050000000000143 99
20.100000000000144 99
20.150000000000144 99
20.200000000000145 99
20.250000000000146 99
20.300000000000146 100
20.350000000000147 100
20.400000000000148 100
20.45000000000015 102
20.50000000000015 102
20.55000000000015 102
20.60000000000015 102
20.65000000000015 102
20.700000000000152 102
20.750000000000153 102
20.800000000000153 102
20.850000000000154 102
20.900000000000155 102
20.950000000000156 102
21.000000000000156 102
21.050000000000157 102
21.100000000000158 102
21.15000000000016 102
21.20000000000016 102
21.25000000000016 102
21.30000000000016 102
21.35000000000016 102
21.400000000000162 102
21.450000000000163 102
21.500000000000163 102
21.550000000000164 102
21.600000000000165 102
21.650000000000166 102
21.700000000000166 102
21.750000000000167 102
21.800000000000168 102
21.85000000000017 102
21.90000000000017 102
21.95000000000017 102
22.00000000000017 102
22.05000000000017 102
22.100000000000172 102
22.150000000000173 102
22.200000000000173 102
22.250000000000174 102
22.300000000000175 102
22.350000000000176 102
22.400000000000176 102
22.450000000000177 102
22.500000000000178 102
22.55000000000018 102
22.60000000000018 102
22.65000000000018 102
22.70000000000018 102
22.75000000000018 102
22.800000000000182 102
22.850000000000183 102
22.900000000000183 102
22.950000000000184 102
23.000000000000185 103
23.050000000000185 105
23.100000000000186 107
23.150000000000187 108
23.200000000000188 108
23.25000000000019 110
23.30000000000019 112
23.35000000000019 114
23.40000000000019 116
23.45000000000019 118
23.500000000000192 120
23.550000000000193 122
23.600000000000193 124
23.650000000000194 126
23.700000000000195 128
23.750000000000195 131
23.800000000000196 133
23.850000000000197 135
23.900000000000198 137
23.9500000000002 139
24.0000000000002 141
24.0500000000002 143
24.1000000000002 145
24.1500000000002 146
24.200000000000202 146
24.250000000000203 147
24.300000000000203 147
24.350000000000204 148
24.400000000000205 148
24.450000000000205 148
24.500000000000206 148
24.550000000000207 148
24.600000000000207 148
24.650000000000208 148
24.70000000000021 148
24.75000000000021 148
24.80000000000021 150
24.85000000000021 150
24.90000000000021 150
24.950000000000212 150
25.000000000000213 152
25.050000000000214 153
25.100000000000215 153
25.150000000000215 153
25.200000000000216 153
25.250000000000217 153
25.300000000000217 153
25.350000000000218 153
25.40000000000022 153
25.45000000000022 153
25.50000000000022 153
25.55000000000022 153
25.60000000000022 153
25.650000000000222 153
25.700000000000223 153
25.750000000000224 153
25.800000000000225 153
25.850000000000225 153
25.900000000000226 153
25.950000000000227 153
26.000000000000227 153
26.050000000000228 153
26.10000000000023 153
26.15000000000023 153
26.20000000000023 153
26.25000000000023 153
26.30000000000023 153
26.350000000000232 153
26.400000000000233 153
26.450000000000234 153
26.500000000000234 153
26.550000000000235 153
26.600000000000236 153
26.650000000000237 153
26.700000000000237 153
26.750000000000238 153
26.80000000000024 153
26.85000000000024 153
26.90000000000024 153
26.95000000000024 153
27.00000000000024 153
27.050000000000242 153
27.100000000000243 153
27.150000000000244 153
27.200000000000244 153
27.250000000000245 153
27.300000000000246 153
27.350000000000247 153
27.400000000000247 153
27.450000000000248 153
27.50000000000025 153
27.55000000000025 153
27.60000000000025 153
27.65000000000025 153
27.70000000000025 153
27.750000000000252 153
27.800000000000253 153
27.850000000000254 153
27.900000000000254 153
27.950000000000255 153
28.000000000000256 153
28.050000000000257 153
28.100000000000257 153
28.150000000000258 153
28.20000000000026 153
28.25000000000026 153
28.30000000000026 153
28.35000000000026 153
28.40000000000026 153
28.450000000000262 153
28.500000000000263 153
28.550000000000264 153
28.600000000000264 153
28.650000000000265 153
28.700000000000266 153
28.750000000000266 153
28.800000000000267 153
28.850000000000268 154
28.90000000000027 156
28.95000000000027 157
29.00000000000027 159
29.05000000000027 161
29.10000000000027 162
29.150000000000272 162
29.200000000000273 163
29.250000000000274 165
29.300000000000274 167
29.350000000000275 169
29.400000000000276 171
29.450000000000276 173
29.500000000000277 176
29.550000000000278 178
29.60000000000028 180
29.65000000000028 182
29.70000000000028 184
29.75000000000028 186
29.80000000000028 188
29.850000000000282 190
29.900000000000283 192
29.950000000000284 194
30.000000000000284 196
30.050000000000285 198
30.100000000000286 201
30.150000000000286 203
30.200000000000287 205
30.250000000000288 207
30.30000000000029 209
30.35000000000029 211
30.40000000000029 213
30.45000000000029 215
30.50000000000029 217
30.550000000000292 219
30.600000000000293 219
30.650000000000293 219
30.700000000000294 219
30.750000000000295 220
30.800000000000296 220
30.850000000000296 220
30.900000000000297 221
30.950000000000298 222
31.0000000000003 222
31.0500000000003 222
31.1000000000003 222
31.1500000000003 222
31.2000000000003 222
31.250000000000302 222
31.300000000000303 222
31.350000000000303 222
31.400000000000304 222
31.450000000000305 222
31.500000000000306 223
31.550000000000306 225
31.600000000000307 225
31.650000000000308 225
31.70000000000031 225
31.75000000000031 225
31.80000000000031 225
31.85000000000031 227
31.90000000000031 229
31.950000000000312 230
32.00000000000031 230
32.05000000000031 230
32.100000000000314 230
32.15000000000032 230
32.200000000000315 230
32.25000000000031 230
32.30000000000032 230
32.35000000000032 230
32.40000000000032 230
32.450000000000315 230
32.50000000000032 230
32.550000000000324 230
32.60000000000032 230
32.65000000000032 230
32.70000000000032 230
32.75000000000033 230
32.800000000000324 230
32.85000000000032 230
32.900000000000325 230
32.95000000000033 230
33.00000000000033 230
33.050000000000324 230
33.10000000000033 230
33.15000000000033 230
33.20000000000033 230
33.25000000000033 230
33.30000000000033 230
33.350000000000335 230
33.40000000000033 230
33.45000000000033 230
33.500000000000334 230
33.55000000000034 230
33.600000000000335 230
33.65000000000033 230
33.70000000000034 230
33.75000000000034 230
33.80000000000034 230
33.850000000000335 230
33.90000000000034 230
33.950000000000344 230
34.00000000000034 230
34.05000000000034 230
34.10000000000034 230
34.15000000000035 230
34.200000000000344 230
34.25000000000034 230
34.300000000000345 230
34.35000000000035 230
34.40000000000035 230
34.450000000000344 230
34.50000000000035 230
34.55000000000035 230
34.60000000000035 230
34.65000000000035 230
34.70000000000035 230
34.750000000000355 230
34.80000000000035 230
34.85000000000035 230
34.900000000000354 230
34.95000000000036 230
35.000000000000355 230
35.05000000000035 230
35.10000000000036 230
35.15000000000036 230
35.20000000000036 230
35.250000000000355 230
35.30000000000036 230
35.350000000000364 230
35.40000000000036 230
35.45000000000036 230
35.50000000000036 230
35.55000000000037 230
35.600000000000364 230
35.65000000000036 230
35.700000000000365 230
35.75000000000037 230
35.80000000000037 230
35.850000000000364 230
35.90000000000037 230
35.95000000000037 230
36.00000000000037 230
36.05000000000037 230
36.10000000000037 230
36.150000000000375 230
36.20000000000037 230
36.25000000000037 230
36.300000000000374 230
36.35000000000038 230
36.400000000000375 230
36.45000000000037 230
36.50000000000038 230
36.55000000000038 230
36.60000000000038 230
36.650000000000375 230
36.70000000000038 230
36.750000000000384 230
36.80000000000038 230
36.85000000000038 230
36.90000000000038 230
36.95000000000039 230
37.000000000000384 230
37.05000000000038 230
37.100000000000385 230
37.15000000000039 230
37.20000000000039 230
37.250000000000384 230
37.30000000000039 230
37.35000000000039 230
37.40000000000039 230
37.45000000000039 230
37.50000000000039 230
37.550000000000395 230
37.60000000000039 230
37.65000000000039 231
37.700000000000394 234
37.7500000000004 234
37.800000000000395 236
37.85000000000039 238
37.9000000000004 239
37.9500000000004 241
38.0000000000004 243
38.050000000000395 243
38.1000000000004 243
38.150000000000404 243
38.2000000000004 245
38.2500000000004 247
38.3000000000004 249
38.350000000000406 252
38.400000000000404 254
38.4500000000004 256
38.500000000000405 258
38.55000000000041 260
38.600000000000406 262
38.650000000000404 264
38.70000000000041 266
38.75000000000041 268
38.80000000000041 270
38.850000000000406 272
38.90000000000041 274
38.950000000000415 277
39.00000000000041 279
39.05000000000041 281
39.10000000000041 283
39.15000000000042 285
39.200000000000415 286
39.25000000000041 284
39.300000000000416 283
39.35000000000042 282
39.40000000000042 280
39.450000000000415 279
39.50000000000042 278
39.55000000000042 276
39.60000000000042 275
39.65000000000042 274
39.70000000000042 273
39.750000000000426 272
39.80000000000042 270
39.85000000000042 269
39.900000000000425 269
39.95000000000043 269
40.000000000000426 269
40.05000000000042 269
40.10000000000043 269
40.15000000000043 269
40.20000000000043 268
40.250000000000426 268
40.30000000000043 268
40.350000000000435 268
40.40000000000043 268
40.45000000000043 268
40.50000000000043 268
40.55000000000044 268
40.600000000000435 268
40.65000000000043 268
40.700000000000436 268
40.75000000000044 268
40.80000000000044 268
40.850000000000435 267
40.90000000000044 267
40.95000000000044 267
41.00000000000044 266
41.05000000000044 266
41.10000000000044 266
41.150000000000446 265
41.20000000000044 264
41.25000000000044 264
41.300000000000445 264
41.35000000000045 264
41.400000000000446 264
41.45000000000044 264
41.50000000000045 264
41.55000000000045 264
41.60000000000045 264
41.650000000000446 264
41.70000000000045 264
41.750000000000455 264
41.80000000000045 264
41.85000000000045 264
41.90000000000045 264
41.95000000000046 264
42.000000000000455 264
42.05000000000045 264
42.100000000000456 264
42.15000000000046 264
42.20000000000046 264
42.250000000000455 264
42.30000000000046 264
42.35000000000046 264
42.40000000000046 264
42.45000000000046 264
42.50000000000046 264
42.550000000000466 264
42.60000000000046 264
42.65000000000046 264
42.700000000000465 264
42.75000000000047 264
42.800000000000466 264
42.85000000000046 264
42.90000000000047 264
42.95000000000047 264
43.00000000000047 264
43.050000000000466 264
43.10000000000047 264
43.150000000000475 264
43.20000000000047 264
43.25000000000047 264
43.30000000000047 264
43.35000000000048 264
43.400000000000475 264
43.45000000000047 264
43.500000000000476 264
43.55000000000048 264
43.60000000000048 264
43.650000000000475 264
43.70000000000048 264
43.75000000000048 264
43.80000000000048 264
43.85000000000048 264
43.90000000000048 264
43.950000000000486 264
44.00000000000048 264
44.05000000000048 264
44.100000000000485 264
44.15000000000049 264
44.200000000000486 264
44.25000000000048 264
44.30000000000049 264
44.35000000000049 264
44.40000000000049 264
44.450000000000486 264
44.50000000000049 264
44.550000000000495 264
44.60000000000049 264
44.65000000000049 264
44.70000000000049 264
44.7500000000005 264
44.800000000000495 264
44.85000000000049 264
44.900000000000496 264
44.9500000000005 264
45.0000000000005 264
45.050000000000495 264
45.1000000000005 264
45.1500000000005 264
45.2000000000005 264
45.2500000000005 264
45.3000000000005 264
45.350000000000506 264
45.4000000000005 264
45.4500000000005 264
45.500000000000504 264
45.55000000000051 264
45.600000000000506 264
45.6500000000005 264
45.70000000000051 264
45.75000000000051 264
45.80000000000051 264
45.850000000000506 264
45.90000000000051 264
45.950000000000514 264
46.00000000000051 264
46.05000000000051 264
46.10000000000051 264
46.15000000000052 264
46.200000000000514 264
46.25000000000051 264
46.300000000000516 264
46.35000000000052 264
46.40000000000052 264
46.450000000000514 264
46.50000000000052 264
46.55000000000052 264
46.60000000000052 264
46.65000000000052 264
46.70000000000052 264
46.750000000000526 264
46.80000000000052 264
46.85000000000052 264
46.900000000000524 264
46.95000000000053 263
47.000000000000526 261
47.05000000000052 261
47.10000000000053 260
47.15000000000053 259
47.20000000000053 258
47.250000000000526 257
47.30000000000053 255
47.350000000000534 255
47.40000000000053 255
47.45000000000053 255
47.50000000000053 254
47.55000000000054 253
47.600000000000534 252
47.65000000000053 250
47.700000000000536 249
47.75000000000054 248
47.80000000000054 246
47.850000000000534 245
47.90000000000054 244
47.95000000000054 243
48.00000000000054 241
48.05000000000054 240
48.10000000000054 239
48.150000000000546 238
48.20000000000054 236
48.25000000000054 235
48.300000000000544 234
48.35000000000055 233
48.400000000000546 231
48.45000000000054 230
48.50000000000055 229
48.55000000000055 227
48.60000000000055 225
48.650000000000546 224
48.70000000000055 223
48.750000000000554 222
48.80000000000055 200
48.85000000000055 197
48.90000000000055 193
48.95000000000056 188
49.000000000000554 187
49.05000000000055 184
49.100000000000556 180
49.15000000000056 176
49.20000000000056 173
49.250000000000554 173
49.30000000000056 173
49.35000000000056 173
49.40000000000056 173
49.45000000000056 173
49.50000000000056 173
49.550000000000566 173
49.60000000000056 173
49.65000000000056 173
49.700000000000564 173
49.75000000000057 173
49.800000000000566 173
49.85000000000056 173
49.90000000000057 173
49.95000000000057 173
50.00000000000057 173
50.050000000000566 173
50.10000000000057 173
50.150000000000574 173
50.20000000000057 173
50.25000000000057 173
50.30000000000057 173
50.35000000000058 173
50.400000000000574 173
50.45000000000057 173
50.500000000000576 172
50.55000000000058 168
50.60000000000058 165
50.650000000000574 162
50.70000000000058 159
50.75000000000058 155
50.80000000000058 154
50.85000000000058 154
50.90000000000058 151
50.950000000000585 147
51.00000000000058 143
51.05000000000058 139
51.100000000000584 134
51.15000000000059 130
51.200000000000585 126
51.25000000000058 122
51.30000000000059 118
51.35000000000059 114
51.40000000000059 109
51.450000000000585 105
51.50000000000059 101
51.550000000000594 97
51.60000000000059 200
51.65000000000059 200
51.70000000000059 200
51.7500000000006 200
51.800000000000594 200
51.85000000000059 200
51.900000000000595 200
51.9500000000006 200
52.0000000000006 200
52.050000000000594 200
52.1000000000006 200
52.1500000000006 200
52.2000000000006 200
52.2500000000006 200
52.3000000000006 200
52.350000000000605 200
52.4000000000006 200
52.4500000000006 200
52.500000000000604 200
52.55000000000061 200
52.600000000000605 200
52.6500000000006 200
52.70000000000061 200
52.75000000000061 200
52.80000000000061 200
52.850000000000605 200
52.90000000000061 200
52.950000000000614 200
53.00000000000061 200
53.05000000000061 200
53.10000000000061 200
53.15000000000062 200
53.200000000000614 200
53.25000000000061 200
53.300000000000615 200
53.35000000000062 200
53.40000000000062 200
53.450000000000614 200
53.50000000000062 200
53.55000000000062 200
53.60000000000062 200
53.65000000000062 200
53.70000000000062 200
53.750000000000625 200
53.80000000000062 200
53.85000000000062 200
53.900000000000624 200
53.95000000000063 200
54.000000000000625 200
54.05000000000062 200
54.10000000000063 200
54.15000000000063 200
54.20000000000063 200
54.250000000000625 200
54.30000000000063 200
54.350000000000634 200
54.40000000000063 200
54.45000000000063 200
54.50000000000063 200
54.55000000000064 200
54.600000000000634 200
54.65000000000063 200
54.700000000000635 200
54.75000000000064 200
54.80000000000064 200
54.850000000000634 200
54.90000000000064 200
54.95000000000064 200
55.00000000000064 200
55.05000000000064 200
55.10000000000064 200
55.150000000000645 200
55.20000000000064 200
55.25000000000064 200
55.300000000000644 200
55.35000000000065 200
55.400000000000645 200
55.45000000000064 200
55.50000000000065 200
55.55000000000065 200
55.60000000000065 200
55.650000000000645 200
55.70000000000065 200
55.750000000000654 200
55.80000000000065 200
55.85000000000065 200
55.90000000000065 200
55.95000000000066 200
56.000000000000654 200
56.05000000000065 200
56.100000000000655 200
56.15000000000066 200
56.20000000000066 200
56.250000000000654 200
56.30000000000066 200
56.35000000000066 200
56.40000000000066 200
56.45000000000066 200
56.50000000000066 200
56.550000000000665 200
56.60000000000066 200
56.65000000000066 200
56.700000000000664 200
56.75000000000067 200
56.800000000000665 200
56.85000000000066 200
56.90000000000067 200
56.95000000000067 200
57.00000000000067 200
57.050000000000665 200
57.10000000000067 200
57.150000000000674 200
57.20000000000067 200
57.25000000000067 200
57.30000000000067 200
57.350000000000676 200
57.400000000000674 200
57.45000000000067 200
57.500000000000675 200
57.55000000000068 200
57.600000000000676 200
57.650000000000674 200
57.70000000000068 200
57.75000000000068 200
57.80000000000068 200
57.850000000000676 200
57.90000000000068 200
57.950000000000685 200
58.00000000000068 200
58.05000000000068 200
58.10000000000068 200
58.15000000000069 200
58.200000000000685 200
58.25000000000068 200
58.300000000000686 200
58.35000000000069 200
58.40000000000069 200
58.450000000000685 200
58.50000000000069 200
58.55000000000069 200
58.60000000000069 200
58.65000000000069 200
58.70000000000069 200
58.750000000000696 200
58.80000000000069 200
58.85000000000069 200
58.900000000000695 200
58.9500000000007 196
59.000000000000696 192
59.05000000000069 187
59.1000000000007 183
59.1500000000007 179
59.2000000000007 175
59.250000000000696 171
59.3000000000007 167
59.350000000000705 163
59.4000000000007 158
59.4500000000007 154
59.5000000000007 150
59.55000000000071 146
59.600000000000705 142
59.6500000000007 139
59.700000000000706 134
59.75000000000071 130
59.80000000000071 127
59.850000000000705 123
59.90000000000071 119
59.95000000000071 115
60.00000000000071 110
60.05000000000071 106
60.10000000000071 102
60.150000000000716 99
60.20000000000071 200
60.25000000000071 200
60.300000000000715 200
60.35000000000072 200
60.400000000000716 200
60.45000000000071 200
60.50000000000072 200
60.55000000000072 200
60.60000000000072 200
60.650000000000716 200
60.70000000000072 200
60.750000000000725 200
60.80000000000072 200
60.85000000000072 200
60.90000000000072 200
60.95000000000073 200
61.000000000000725 200
61.05000000000072 200
61.100000000000726 200
61.15000000000073 200
61.20000000000073 200
61.250000000000725 200
61.30000000000073 200
61.35000000000073 200
61.40000000000073 200
61.45000000000073 200
61.50000000000073 200
61.550000000000736 200
61.60000000000073 200
61.65000000000073 200
61.700000000000735 200
61.75000000000074 200
61.800000000000736 200
61.85000000000073 200
61.90000000000074 200
61.95000000000074 200
62.00000000000074 200
62.050000000000736 200
62.10000000000074 200
62.150000000000745 200
62.20000000000074 200
62.25000000000074 200
62.30000000000074 200
62.35000000000075 200
62.400000000000745 200
62.45000000000074 200
62.500000000000746 200
62.55000000000075 200
62.60000000000075 200
62.650000000000745 200
62.70000000000075 200
62.75000000000075 200
62.80000000000075 200
62.85000000000075 200
62.90000000000075 200
62.950000000000756 200
63.00000000000075 200
63.05000000000075 200
63.100000000000755 200
63.15000000000076 200
63.200000000000756 200
63.25000000000075 200
63.30000000000076 200
63.35000000000076 200
63.40000000000076 200
63.450000000000756 200
63.50000000000076 200
63.550000000000765 200
63.60000000000076 200
63.65000000000076 200
63.70000000000076 200
63.75000000000077 200
63.800000000000765 200
63.85000000000076 200
63.900000000000766 200
63.95000000000077 200
64.00000000000077 200
64.05000000000076 200
64.10000000000076 200
64.15000000000077 200
64.20000000000077 200
64.25000000000077 200
64.30000000000078 200
64.35000000000078 200
64.40000000000077 200
64.45000000000077 200
64.50000000000077 200
64.55000000000078 200
64.60000000000078 200
64.65000000000077 200
64.70000000000078 200
64.75000000000078 200
64.80000000000078 200
64.85000000000078 200
64.90000000000077 200
64.95000000000078 200
65.00000000000078 200
65.05000000000078 200
65.10000000000079 200
65.15000000000079 200
65.20000000000078 200
65.25000000000078 200
65.30000000000078 200
65.35000000000079 200
65.40000000000079 200
65.45000000000078 200
65.5000000000008 200
65.5500000000008 200
65.60000000000079 200
65.65000000000079 200
65.70000000000078 200
65.7500000000008 200
65.8000000000008 200
65.85000000000079 200
65.9000000000008 200
65.9500000000008 200
66.0000000000008 200
66.0500000000008 200
66.10000000000079 200
66.1500000000008 200
66.2000000000008 200
66.2500000000008 200
66.30000000000081 200
66.3500000000008 200
66.4000000000008 200
66.4500000000008 200
66.5000000000008 200
66.55000000000081 200
66.6000000000008 200
66.6500000000008 200
66.70000000000081 200
66.75000000000081 200
66.80000000000081 200
66.8500000000008 200
66.9000000000008 200
66.95000000000081 200
67.00000000000081 200
67.05000000000081 200
67.10000000000082 200
67.15000000000082 200
67.20000000000081 200
67.25000000000081 200
67.30000000000081 200
67.35000000000082 200
67.40000000000082 200
67.45000000000081 200
67.50000000000082 200
67.55000000000082 200
67.60000000000082 200
67.65000000000082 200
67.70000000000081 200
67.75000000000082 200
67.80000000000082 200
67.85000000000082 200
67.90000000000083 200
67.95000000000083 200
68.00000000000082 200
68.05000000000082 200
68.10000000000082 200
68.15000000000083 200
68.20000000000083 200
68.25000000000082 200
68.30000000000084 200
68.35000000000083 200
68.40000000000083 200
68.45000000000083 200
68.50000000000082 200
68.55000000000084 200
68.60000000000083 200
68.65000000000083 200
68.70000000000084 200
68.75000000000084 200
68.80000000000084 200
68.85000000000083 200
68.90000000000083 200
68.95000000000084 200
69.00000000000084 200
69.05000000000084 200
69.10000000000085 200
69.15000000000084 200
69.20000000000084 200
69.25000000000084 200
69.30000000000084 200
69.35000000000085 200
69.40000000000084 200
69.45000000000084 200
69.50000000000085 200
69.55000000000085 200
69.60000000000085 200
69.65000000000084 200
69.70000000000084 200
69.75000000000085 200
69.80000000000085 200
69.85000000000085 200
69.90000000000086 200
69.95000000000086 200
70.00000000000085 200
70.05000000000085 200
70.10000000000085 200
70.15000000000086 200
70.20000000000086 200
70.25000000000085 200
70.30000000000086 200
70.35000000000086 200
70.40000000000086 200
70.45000000000086 200
70.50000000000085 200
70.55000000000086 200
70.60000000000086 200
70.65000000000086 200
70.70000000000087 200
70.75000000000087 200
70.80000000000086 200
70.85000000000086 200
70.90000000000086 200
70.95000000000087 200
71.00000000000087 200
71.05000000000086 200
71.10000000000088 200
71.15000000000087 200
71.20000000000087 200
71.25000000000087 200
71.30000000000086 200
71.35000000000088 200
71.40000000000087 200
71.45000000000087 200
71.50000000000088 200
71.55000000000088 200
71.60000000000088 200
71.65000000000087 200
71.70000000000087 200
71.75000000000088 200
71.80000000000088 200
71.85000000000088 200
71.90000000000089 200
71.95000000000088 200
72.00000000000088 200
72.05000000000088 200
72.10000000000088 200
72.15000000000089 200
72.20000000000088 200
72.25000000000088 200
72.30000000000089 200
72.35000000000089 200
72.40000000000089 200
72.45000000000088 200
72.50000000000088 200
72.55000000000089 200
72.60000000000089 200
72.65000000000089 200
72.7000000000009 200
72.7500000000009 200
72.80000000000089 200
72.85000000000089 200
72.90000000000089 200
72.9500000000009 200
73.0000000000009 200
73.05000000000089 200
73.1000000000009 200
73.1500000000009 200
73.2000000000009 200
73.2500000000009 200
73.30000000000089 200
73.3500000000009 200
73.4000000000009 200
73.4500000000009 200
73.50000000000091 200
73.5500000000009 200
73.6000000000009 200
73.6500000000009 200
73.7000000000009 200
73.75000000000091 200
73.8000000000009 200
73.8500000000009 200
73.90000000000092 200
73.95000000000091 200
74.00000000000091 200
74.0500000000009 200
74.1000000000009 200
74.15000000000092 200
74.20000000000091 200
74.25000000000091 200
74.30000000000092 200
74.35000000000092 200
74.40000000000092 200
74.45000000000091 200
74.50000000000091 200
74.55000000000092 200
74.60000000000092 200
74.65000000000092 200
74.70000000000093 200
74.75000000000092 200
74.80000000000092 200
74.85000000000092 200
74.90000000000092 200
74.95000000000093 200
75.00000000000092 200
75.05000000000092 200
75.10000000000093 200
75.15000000000093 200
75.20000000000093 200
75.25000000000092 200
75.30000000000092 200
75.35000000000093 200
75.40000000000093 200
75.45000000000093 200
75.50000000000094 200
75.55000000000094 200
75.60000000000093 200
75.65000000000093 200
75.70000000000093 200
75.75000000000094 200
75.80000000000094 200
75.85000000000093 200
75.90000000000094 200
75.95000000000094 200
76.00000000000094 200
76.05000000000094 200
76.10000000000093 200
76.15000000000094 200
76.20000000000094 200
76.25000000000094 200
76.30000000000095 200
76.35000000000095 200
76.40000000000094 200
76.45000000000094 200
76.50000000000094 200
76.55000000000095 200
76.60000000000095 200
76.65000000000094 200
76.70000000000095 200
76.75000000000095 200
76.80000000000095 200
76.85000000000095 200
76.90000000000094 200
76.95000000000095 200
77.00000000000095 200
77.05000000000095 200
77.10000000000096 200
77.15000000000096 200
77.20000000000095 200
77.25000000000095 200
77.30000000000095 200
77.35000000000096 200
77.40000000000096 200
77.45000000000095 200
77.50000000000097 200
77.55000000000096 200
77.60000000000096 200
77.65000000000096 200
77.70000000000095 200
77.75000000000097 200
77.80000000000096 200
77.85000000000096 200
77.90000000000097 200
77.95000000000097 200
78.00000000000097 200
78.05000000000096 200
78.10000000000096 200
78.15000000000097 200
78.20000000000097 200
78.25000000000097 200
78.30000000000098 200
78.35000000000097 200
78.40000000000097 200
78.45000000000097 200
78.50000000000097 200
78.55000000000098 200
78.60000000000097 200
78.65000000000097 200
78.70000000000098 200
78.75000000000098 200
78.80000000000098 200
78.85000000000097 200
78.90000000000097 200
78.95000000000098 200
79.00000000000098 200
79.05000000000098 200
79.10000000000099 200
79.15000000000099 200
79.20000000000098 200
79.25000000000098 200
79.30000000000098 200
79.35000000000099 200
79.40000000000099 200
79.45000000000098 200
79.500000000001 200
79.55000000000099 200
79.60000000000099 200
79.65000000000099 200
79.70000000000098 200
79.750000000001 200
79.80000000000099 200
79.85000000000099 200
79.900000000001 200
79.950000000001 200
80.000000000001 200
80.05000000000099 200
80.10000000000099 200
80.150000000001 200
80.200000000001 200
80.250000000001 200
80.300000000001 200
80.350000000001 200
80.400000000001 200
80.450000000001 200
80.500000000001 200
80.550000000001 200
80.600000000001 200
80.650000000001 200
80.70000000000101 200
80.75000000000101 200
80.800000000001 200
80.850000000001 200
80.900000000001 200
80.95000000000101 200
81.00000000000101 200
81.050000000001 200
81.10000000000102 200
81.15000000000101 200
81.20000000000101 200
81.25000000000101 200
81.300000000001 200
81.35000000000102 200
81.40000000000101 200
81.45000000000101 200
81.50000000000102 200
81.55000000000102 200
81.60000000000102 200
81.65000000000101 200
81.70000000000101 200
81.75000000000102 200
81.80000000000102 200
81.85000000000102 200
81.90000000000103 200
81.95000000000103 200
82.00000000000102 200
82.05000000000102 200
82.10000000000102 200
82.15000000000103 200
82.20000000000103 200
82.25000000000102 200
82.30000000000103 200
82.35000000000103 200
82.40000000000103 200
82.45000000000103 200
82.50000000000102 200
82.55000000000103 200
82.60000000000103 200
82.65000000000103 200
82.70000000000104 200
82.75000000000104 200
82.80000000000103 200
82.85000000000103 200
82.90000000000103 200
82.95000000000104 200
83.00000000000104 200
83.05000000000103 200
83.10000000000105 200
83.15000000000104 200
83.20000000000104 200
83.25000000000104 200
83.30000000000103 200
83.35000000000105 200
83.40000000000104 200
83.45000000000104 200
83.50000000000105 200
83.55000000000105 200
83.60000000000105 200
83.65000000000104 200
83.70000000000104 200
83.75000000000105 200
83.80000000000105 200
83.85000000000105 200
83.90000000000106 200
83.95000000000105 200
84.00000000000105 200
84.05000000000105 200
84.10000000000105 200
84.15000000000106 200
84.20000000000105 200
84.25000000000105 200
84.30000000000106 200
84.35000000000106 200
84.40000000000106 200
84.45000000000105 200
84.50000000000105 200
84.55000000000106 200
84.60000000000106 200
84.65000000000106 200
84.70000000000107 200
84.75000000000107 200
84.80000000000106 200
84.85000000000106 200
84.90000000000106 200
84.95000000000107 200
85.00000000000107 200
85.05000000000106 200
85.10000000000107 200
85.15000000000107 200
85.20000000000107 200
85.25000000000107 200
85.30000000000106 200
85.35000000000107 200
85.40000000000107 200
85.45000000000107 200
85.50000000000108 200
85.55000000000108 200
85.60000000000107 200
85.65000000000107 200
85.70000000000107 200
85.75000000000108 200
85.80000000000108 200
85.85000000000107 200
85.90000000000109 200
85.95000000000108 200
86.00000000000108 200
86.05000000000108 200
86.10000000000107 200
86.15000000000109 200
86.20000000000108 200
86.25000000000108 200
86.30000000000109 200
86.35000000000109 200
86.40000000000109 200
86.45000000000108 200
86.50000000000108 200
86.55000000000109 200
86.60000000000109 200
86.65000000000109 200
86.7000000000011 200
86.7500000000011 200
86.80000000000109 200
86.85000000000109 200
86.90000000000109 200
86.9500000000011 200
87.0000000000011 200
87.05000000000109 200
87.1000000000011 200
87.1500000000011 200
87.2000000000011 200
87.2500000000011 200
87.30000000000109 200
87.3500000000011 200
87.4000000000011 200
87.4500000000011 200
87.50000000000111 200
87.5500000000011 200
87.6000000000011 200
87.6500000000011 200
87.7000000000011 200
87.75000000000111 200
87.8000000000011 200
87.8500000000011 200
87.90000000000111 200
87.95000000000111 200
88.00000000000111 200
88.0500000000011 200
88.1000000000011 200
88.15000000000111 200
88.20000000000111 200
88.25000000000111 200
88.30000000000112 200
88.35000000000112 200
88.40000000000111 200
88.45000000000111 200
88.50000000000111 200
88.55000000000112 200
88.60000000000112 200
88.65000000000111 200
88.70000000000113 200
88.75000000000112 200
88.80000000000112 200
88.85000000000112 200
88.90000000000111 200
88.95000000000113 200
89.00000000000112 200
89.05000000000112 200
89.10000000000113 200
89.15000000000113 200
89.20000000000113 200
89.25000000000112 200
89.30000000000112 200
89.35000000000113 200
89.40000000000113 200
89.45000000000113 200
89.50000000000114 200
89.55000000000113 200
89.60000000000113 200
89.65000000000113 200
89.70000000000113 200
89.75000000000114 200
89.80000000000113 200
89.85000000000113 200
89.90000000000114 200
89.95000000000114 200
90.00000000000114 200
90.05000000000113 200
90.10000000000113 200
90.15000000000114 200
90.20000000000114 200
90.25000000000114 200
90.30000000000115 200
90.35000000000115 200
90.40000000000114 200
90.45000000000114 200
90.50000000000114 200
90.55000000000115 200
90.60000000000115 200
90.65000000000114 200
90.70000000000115 200
90.75000000000115 200
90.80000000000115 200
90.85000000000115 200
90.90000000000114 200
90.95000000000115 200
91.00000000000115 200
91.05000000000115 200
91.10000000000116 200
91.15000000000116 200
91.20000000000115 200
91.25000000000115 200
91.30000000000115 200
91.35000000000116 200
91.40000000000116 200
91.45000000000115 200
91.50000000000117 200
91.55000000000116 200
91.60000000000116 200
91.65000000000116 200
91.70000000000115 200
91.75000000000117 200
91.80000000000116 200
91.85000000000116 200
91.90000000000117 200
91.95000000000117 200
92.00000000000117 200
92.05000000000116 200
92.10000000000116 200
92.15000000000117 200
92.20000000000117 200
92.25000000000117 200
92.30000000000118 200
92.35000000000117 200
92.40000000000117 200
92.45000000000117 200
92.50000000000117 154
92.55000000000118 149
92.60000000000117 146
92.65000000000117 142
92.70000000000118 138
92.75000000000118 135
92.80000000000118 131
92.85000000000117 126
92.90000000000117 122
92.95000000000118 118
93.00000000000118 114
93.05000000000118 110
93.10000000000119 106
93.15000000000119 101
93.20000000000118 97
93.25000000000118 93
93.30000000000118 89
93.35000000000119 85
93.40000000000119 81
93.45000000000118 77
93.5000000000012 72
93.55000000000119 68
93.60000000000119 65
93.65000000000119 61
93.70000000000118 57
93.7500000000012 54
93.80000000000119 50
93.85000000000119 50
93.9000000000012 50
93.9500000000012 50
94.0000000000012 50
94.05000000000119 50
94.10000000000119 198
94.1500000000012 198
94.2000000000012 198
94.2500000000012 198
94.3000000000012 198
94.3500000000012 197
94.4000000000012 197
94.4500000000012 197
94.5000000000012 197
94.5500000000012 197
94.6000000000012 197
94.6500000000012 196
94.70000000000121 47
94.75000000000121 47
94.8000000000012 47
94.8500000000012 47
94.9000000000012 47
94.95000000000121 47
95.00000000000121 47
95.0500000000012 47
95.10000000000122 195
95.15000000000121 195
95.20000000000121 195
95.25000000000121 195
95.3000000000012 195
95.35000000000122 195
95.40000000000121 195
95.45000000000121 195
95.50000000000122 195
95.55000000000122 195
95.60000000000122 195
95.65000000000121 195
95.70000000000121 195
95.75000000000122 195
95.80000000000122 195
95.85000000000122 195
95.90000000000123 195
95.95000000000122 195
96.00000000000122 195
96.05000000000122 195
96.10000000000122 195
96.15000000000123 195
96.20000000000122 195
96.25000000000122 195
96.30000000000123 195
96.35000000000123 195
96.40000000000123 195
96.45000000000122 195
96.50000000000122 195
96.55000000000123 194
96.60000000000123 194
96.65000000000123 194
96.70000000000124 194
96.75000000000124 194
96.80000000000123 194
96.85000000000123 194
96.90000000000123 194
96.95000000000124 194
97.00000000000124 194
97.05000000000123 194
97.10000000000124 194
97.15000000000124 194
97.20000000000124 194
97.25000000000124 193
97.30000000000123 193
97.35000000000124 193
97.40000000000124 192
97.45000000000124 192
97.50000000000125 192
97.55000000000125 191
97.60000000000124 191
97.65000000000124 190
97.70000000000124 190
97.75000000000125 190
97.80000000000125 206
97.85000000000124 206
97.90000000000126 206
97.95000000000125 206
98.00000000000125 204
98.05000000000125 203
98.10000000000124 202
98.15000000000126 201
98.20000000000125 200
98.25000000000125 199
98.30000000000126 197
98.35000000000126 196
98.40000000000126 195
98.45000000000125 194
98.50000000000125 192
98.55000000000126 191
98.60000000000126 190
98.65000000000126 189
98.70000000000127 188
98.75000000000126 187
98.80000000000126 186
98.85000000000126 185
98.90000000000126 185
98.95000000000127 183
99.00000000000126 182
99.05000000000126 182
99.10000000000127 181
99.15000000000127 181
99.20000000000127 181
99.25000000000126 181
99.30000000000126 181
99.35000000000127 181
99.40000000000127 181
99.45000000000127 181
99.50000000000128 181
99.55000000000128 181
99.60000000000127 181
99.65000000000127 181
99.70000000000127 181
99.75000000000128 181
99.80000000000128 181
99.85000000000127 181
99.90000000000128 181
99.95000000000128 181
