10.75000000000001 10
10.800000000000011 10
10.850000000000012 10
10.900000000000013 10
10.950000000000014 10
11.000000000000014 11
11.050000000000015 13
11.100000000000016 15
11.150000000000016 18
11.200000000000017 20
11.250000000000018 20
11.300000000000018 22
11.35000000000002 24
11.40000000000002 26
11.45000000000002 28
11.500000000000021 29
11.550000000000022 29
11.600000000000023 29
11.650000000000023 29
11.700000000000024 29
11.750000000000025 29
11.800000000000026 29
11.850000000000026 29
11.900000000000027 29
11.950000000000028 29
12.000000000000028 30
12.05000000000003 30
12.10000000000003 30
12.15000000000003 30
12.200000000000031 30
12.250000000000032 30
12.300000000000033 30
12.350000000000033 31
12.400000000000034 31
12.450000000000035 31
12.500000000000036 31
12.550000000000036 31
12.600000000000037 31
12.650000000000038 31
12.700000000000038 31
12.750000000000039 31
12.80000000000004 31
12.85000000000004 31
12.900000000000041 31
12.950000000000042 32
13.000000000000043 32
13.050000000000043 32
13.100000000000044 32
13.150000000000045 32
13.200000000000045 32
13.250000000000046 32
13.300000000000047 32
13.350000000000048 32
13.400000000000048 32
13.450000000000049 32
13.50000000000005 33
13.55000000000005 33
13.600000000000051 33
13.650000000000052 33
13.700000000000053 33
13.750000000000053 33
13.800000000000054 33
13.850000000000055 34
13.900000000000055 34
13.950000000000056 34
14.000000000000057 34
14.050000000000058 34
14.100000000000058 34
14.150000000000059 34
14.20000000000006 35
14.25000000000006 35
14.300000000000061 36
14.350000000000062 36
14.400000000000063 36
14.450000000000063 36
14.500000000000064 37
14.550000000000065 37
14.600000000000065 38
14.650000000000066 38
14.700000000000067 39
14.750000000000068 39
14.800000000000068 39
14.850000000000069 39
14.90000000000007 40
14.95000000000007 40
15.000000000000071 40
15.050000000000072 41
15.100000000000072 42
15.150000000000073 42
15.200000000000074 43
15.250000000000075 44
15.300000000000075 44
15.350000000000076 45
15.400000000000077 45
15.450000000000077 46
15.500000000000078 47
15.550000000000079 48
15.60000000000008 48
15.65000000000008 49
15.700000000000081 49
15.750000000000082 49
15.800000000000082 49
15.850000000000083 51
15.900000000000084 51
15.950000000000085 51
16.000000000000085 53
16.050000000000086 54
16.100000000000087 55
16.150000000000087 56
16.200000000000088 57
16.25000000000009 58
16.30000000000009 58
16.35000000000009 60
16.40000000000009 61
16.45000000000009 62
16.500000000000092 63
16.550000000000093 65
16.600000000000094 66
16.650000000000095 68
16.700000000000095 68
16.750000000000096 69
16.800000000000097 70
16.850000000000097 70
16.900000000000098 70
16.9500000000001 70
17.0000000000001 70
17.0500000000001 71
17.1000000000001 73
17.1500000000001 73
17.200000000000102 74
17.250000000000103 75
17.300000000000104 76
17.350000000000104 78
17.400000000000105 78
17.450000000000106 80
17.500000000000107 82
17.550000000000107 82
17.600000000000108 85
17.65000000000011 85
17.70000000000011 86
17.75000000000011 87
17.80000000000011 88
17.85000000000011 90
17.900000000000112 91
17.950000000000113 92
18.000000000000114 93
18.050000000000114 95
18.100000000000115 96
18.150000000000116 98
18.200000000000117 101
18.250000000000117 102
18.300000000000118 103
18.35000000000012 104
18.40000000000012 104
18.45000000000012 105
18.50000000000012 105
18.55000000000012 105
18.600000000000122 105
18.650000000000123 105
18.700000000000124 105
18.750000000000124 105
18.800000000000125 106
18.850000000000126 107
18.900000000000126 109
18.950000000000127 109
19.000000000000128 110
19.05000000000013 111
19.10000000000013 111
19.15000000000013 113
19.20000000000013 114
19.25000000000013 116
19.300000000000132 117
19.350000000000133 117
19.400000000000134 119
19.450000000000134 121
19.500000000000135 123
19.550000000000136 123
19.600000000000136 124
19.650000000000137 125
19.700000000000138 127
19.75000000000014 128
19.80000000000014 129
19.85000000000014 129
19.90000000000014 131
19.95000000000014 132
20.000000000000142 134
20.050000000000143 135
20.100000000000144 136
20.150000000000144 137
20.200000000000145 138
20.250000000000146 139
20.300000000000146 140
20.350000000000147 142
20.400000000000148 143
20.45000000000015 145
20.50000000000015 147
20.55000000000015 149
20.60000000000015 151
20.65000000000015 153
20.700000000000152 154
20.750000000000153 156
20.800000000000153 156
20.850000000000154 156
20.900000000000155 156
20.950000000000156 157
21.000000000000156 157
21.050000000000157 157
21.100000000000158 158
21.15000000000016 158
21.20000000000016 158
21.25000000000016 158
21.30000000000016 158
21.35000000000016 158
21.400000000000162 159
21.450000000000163 159
21.500000000000163 159
21.550000000000164 161
21.600000000000165 163
21.650000000000166 164
21.700000000000166 164
21.750000000000167 165
21.800000000000168 166
21.85000000000017 166
21.90000000000017 166
21.95000000000017 168
22.00000000000017 170
22.05000000000017 171
22.100000000000172 173
22.150000000000173 174
22.200000000000173 175
22.250000000000174 176
22.300000000000175 176
22.350000000000176 177
22.400000000000176 179
22.450000000000177 181
22.500000000000178 183
22.55000000000018 184
22.60000000000018 184
22.65000000000018 186
22.70000000000018 188
22.75000000000018 189
22.800000000000182 191
22.850000000000183 191
22.900000000000183 192
22.950000000000184 194
23.000000000000185 194
23.050000000000185 195
23.100000000000186 197
23.150000000000187 198
23.200000000000188 198
23.25000000000019 200
23.30000000000019 202
23.35000000000019 203
23.40000000000019 204
23.45000000000019 204
23.500000000000192 205
23.550000000000193 206
23.600000000000193 208
23.650000000000194 209
23.700000000000195 210
23.750000000000195 212
23.800000000000196 213
23.850000000000197 214
23.900000000000198 216
23.9500000000002 219
24.0000000000002 221
24.0500000000002 223
24.1000000000002 225
24.1500000000002 227
24.200000000000202 228
24.250000000000203 228
24.300000000000203 230
24.350000000000204 232
24.400000000000205 233
24.450000000000205 234
24.500000000000206 234
24.550000000000207 234
24.600000000000207 234
24.650000000000208 235
24.70000000000021 235
24.75000000000021 235
24.80000000000021 235
24.85000000000021 236
24.90000000000021 237
24.950000000000212 237
25.000000000000213 237
25.050000000000214 237
25.100000000000215 237
25.150000000000215 237
25.200000000000216 237
25.250000000000217 237
25.300000000000217 237
25.350000000000218 238
25.40000000000022 239
25.45000000000022 239
25.50000000000022 239
25.55000000000022 240
25.60000000000022 242
25.650000000000222 244
25.700000000000223 246
25.750000000000224 246
25.800000000000225 246
25.850000000000225 246
25.900000000000226 247
25.950000000000227 249
26.000000000000227 249
26.050000000000228 249
26.10000000000023 249
26.15000000000023 250
26.20000000000023 252
26.25000000000023 254
26.30000000000023 256
26.350000000000232 256
26.400000000000233 258
26.450000000000234 260
26.500000000000234 261
26.550000000000235 261
26.600000000000236 263
26.650000000000237 264
26.700000000000237 264
26.750000000000238 264
26.80000000000024 265
26.85000000000024 267
26.90000000000024 269
26.95000000000024 271
27.00000000000024 273
27.050000000000242 275
27.100000000000243 276
27.150000000000244 276
27.200000000000244 277
27.250000000000245 279
27.300000000000246 281
27.350000000000247 282
27.400000000000247 283
27.450000000000248 285
27.50000000000025 286
27.55000000000025 286
27.60000000000025 287
27.65000000000025 289
27.70000000000025 290
27.750000000000252 291
27.800000000000253 291
27.850000000000254 291
27.900000000000254 293
27.950000000000255 295
28.000000000000256 297
28.050000000000257 297
28.100000000000257 297
28.150000000000258 299
28.20000000000026 301
28.25000000000026 304
28.30000000000026 304
28.35000000000026 304
28.40000000000026 306
28.450000000000262 306
28.500000000000263 307
28.550000000000264 308
28.600000000000264 309
28.650000000000265 311
28.700000000000266 312
28.750000000000266 312
28.800000000000267 313
28.850000000000268 315
28.90000000000027 317
28.95000000000027 319
29.00000000000027 320
29.05000000000027 321
29.10000000000027 323
29.150000000000272 326
29.200000000000273 328
29.250000000000274 330
29.300000000000274 332
29.350000000000275 334
29.400000000000276 336
29.450000000000276 338
29.500000000000277 340
29.550000000000278 342
29.60000000000028 342
29.65000000000028 343
29.70000000000028 344
29.75000000000028 346
29.80000000000028 348
29.850000000000282 350
29.900000000000283 350
29.950000000000284 351
30.000000000000284 351
30.050000000000285 351
30.100000000000286 351
30.150000000000286 351
30.200000000000287 351
30.250000000000288 352
30.30000000000029 352
30.35000000000029 352
30.40000000000029 352
30.45000000000029 353
30.50000000000029 354
30.550000000000292 354
30.600000000000293 355
30.650000000000293 355
30.700000000000294 355
30.750000000000295 355
30.800000000000296 355
30.850000000000296 355
30.900000000000297 355
30.950000000000298 355
31.0000000000003 355
31.0500000000003 355
31.1000000000003 355
31.1500000000003 355
31.2000000000003 355
31.250000000000302 355
31.300000000000303 356
31.350000000000303 358
31.400000000000304 358
31.450000000000305 358
31.500000000000306 358
31.550000000000306 358
31.600000000000307 360
31.650000000000308 361
31.70000000000031 363
31.75000000000031 365
31.80000000000031 367
31.85000000000031 369
31.90000000000031 369
31.950000000000312 369
32.00000000000031 369
32.05000000000031 369
32.100000000000314 369
32.15000000000032 371
32.200000000000315 373
32.25000000000031 374
32.30000000000032 374
32.35000000000032 374
32.40000000000032 374
32.450000000000315 374
32.50000000000032 375
32.550000000000324 377
32.60000000000032 379
32.65000000000032 381
32.70000000000032 383
32.75000000000033 384
32.800000000000324 384
32.85000000000032 386
32.900000000000325 387
32.95000000000033 389
33.00000000000033 391
33.050000000000324 391
33.10000000000033 391
33.15000000000033 393
33.20000000000033 395
33.25000000000033 396
33.30000000000033 396
33.350000000000335 396
33.40000000000033 396
33.45000000000033 396
33.500000000000334 399
33.55000000000034 401
33.600000000000335 402
33.65000000000033 404
33.70000000000034 406
33.75000000000034 408
33.80000000000034 410
33.850000000000335 412
33.90000000000034 414
33.950000000000344 414
34.00000000000034 414
34.05000000000034 414
34.10000000000034 415
34.15000000000035 418
34.200000000000344 420
34.25000000000034 422
34.300000000000345 423
34.35000000000035 423
34.40000000000035 424
34.450000000000344 427
34.50000000000035 429
34.55000000000035 429
34.60000000000035 429
34.65000000000035 429
34.70000000000035 430
34.750000000000355 432
34.80000000000035 434
34.85000000000035 435
34.900000000000354 436
34.95000000000036 436
35.000000000000355 436
35.05000000000035 436
35.10000000000036 438
35.15000000000036 440
35.20000000000036 442
35.250000000000355 444
35.30000000000036 445
35.350000000000364 446
35.40000000000036 446
35.45000000000036 447
35.50000000000036 448
35.55000000000037 450
35.600000000000364 452
35.65000000000036 454
35.700000000000365 456
35.75000000000037 456
35.80000000000037 456
35.850000000000364 458
35.90000000000037 459
35.95000000000037 459
36.00000000000037 459
36.05000000000037 460
36.10000000000037 461
36.150000000000375 462
36.20000000000037 464
36.25000000000037 466
36.300000000000374 468
36.35000000000038 468
36.400000000000375 468
36.45000000000037 469
36.50000000000038 470
36.55000000000038 472
36.60000000000038 474
36.650000000000375 476
36.70000000000038 478
36.750000000000384 479
36.80000000000038 480
36.85000000000038 482
36.90000000000038 484
36.95000000000039 486
37.000000000000384 488
37.05000000000038 490
37.100000000000385 492
37.15000000000039 494
37.20000000000039 496
37.250000000000384 498
37.30000000000039 500
37.35000000000039 502
37.40000000000039 504
37.45000000000039 507
37.50000000000039 509
37.550000000000395 511
37.60000000000039 513
37.65000000000039 513
37.700000000000394 513
37.7500000000004 514
37.800000000000395 516
37.85000000000039 516
37.9000000000004 518
37.9500000000004 520
38.0000000000004 522
38.050000000000395 524
38.1000000000004 525
38.150000000000404 525
38.2000000000004 526
38.2500000000004 526
38.3000000000004 526
38.350000000000406 526
38.400000000000404 526
38.4500000000004 526
38.500000000000405 526
38.55000000000041 526
38.600000000000406 527
38.650000000000404 528
38.70000000000041 528
38.75000000000041 528
38.80000000000041 528
38.850000000000406 528
38.90000000000041 529
38.950000000000415 529
39.00000000000041 530
39.05000000000041 530
39.10000000000041 531
39.15000000000042 531
39.200000000000415 532
39.25000000000041 532
39.300000000000416 532
39.35000000000042 532
39.40000000000042 532
39.450000000000415 533
39.50000000000042 533
39.55000000000042 533
39.60000000000042 533
39.65000000000042 533
39.70000000000042 533
39.750000000000426 533
39.80000000000042 533
39.85000000000042 533
39.900000000000425 533
39.95000000000043 533
40.000000000000426 533
40.05000000000042 533
40.10000000000043 533
40.15000000000043 533
40.20000000000043 534
40.250000000000426 535
40.30000000000043 537
40.350000000000435 537
40.40000000000043 537
40.45000000000043 537
40.50000000000043 537
40.55000000000044 537
40.600000000000435 537
40.65000000000043 538
40.700000000000436 540
40.75000000000044 541
40.80000000000044 543
40.850000000000435 545
40.90000000000044 547
40.95000000000044 549
41.00000000000044 551
41.05000000000044 553
41.10000000000044 553
41.150000000000446 553
41.20000000000044 553
41.25000000000044 553
41.300000000000445 553
41.35000000000045 553
41.400000000000446 553
41.45000000000044 555
41.50000000000045 554
41.55000000000045 552
41.60000000000045 552
41.650000000000446 552
41.70000000000045 552
41.750000000000455 552
41.80000000000045 551
41.85000000000045 548
41.90000000000045 546
41.95000000000046 544
42.000000000000455 540
42.05000000000045 537
42.100000000000456 536
42.15000000000046 535
42.20000000000046 532
42.250000000000455 530
42.30000000000046 526
42.35000000000046 525
42.40000000000046 525
42.45000000000046 524
42.50000000000046 520
42.550000000000466 520
42.60000000000046 520
42.65000000000046 520
42.700000000000465 520
42.75000000000047 516
42.800000000000466 516
42.85000000000046 511
42.90000000000047 510
42.95000000000047 507
43.00000000000047 503
43.050000000000466 499
43.10000000000047 496
43.150000000000475 492
43.20000000000047 489
43.25000000000047 489
43.30000000000047 489
43.35000000000048 489
43.400000000000475 486
43.45000000000047 483
43.500000000000476 480
43.55000000000048 477
43.60000000000048 475
43.650000000000475 475
43.70000000000048 472
43.75000000000048 468
43.80000000000048 465
43.85000000000048 463
43.90000000000048 463
43.950000000000486 463
44.00000000000048 463
44.05000000000048 459
44.100000000000485 456
44.15000000000049 454
44.200000000000486 453
44.25000000000048 453
44.30000000000049 453
44.35000000000049 453
44.40000000000049 451
44.450000000000486 448
44.50000000000049 445
44.550000000000495 442
44.60000000000049 438
44.65000000000049 438
44.70000000000049 438
44.7500000000005 438
44.800000000000495 435
44.85000000000049 431
44.900000000000496 428
44.9500000000005 423
45.0000000000005 420
45.050000000000495 420
45.1000000000005 420
45.1500000000005 417
45.2000000000005 414
45.2500000000005 414
45.3000000000005 414
45.350000000000506 412
45.4000000000005 412
45.4500000000005 410
45.500000000000504 408
45.55000000000051 405
45.600000000000506 402
45.6500000000005 400
45.70000000000051 399
45.75000000000051 399
45.80000000000051 398
45.850000000000506 397
45.90000000000051 392
45.950000000000514 390
46.00000000000051 387
46.05000000000051 384
46.10000000000051 383
46.15000000000052 383
46.200000000000514 381
46.25000000000051 379
46.300000000000516 377
46.35000000000052 375
46.40000000000052 373
46.450000000000514 371
46.50000000000052 369
46.55000000000052 367
46.60000000000052 364
46.65000000000052 362
46.70000000000052 360
46.750000000000526 358
46.80000000000052 356
46.85000000000052 354
46.900000000000524 352
46.95000000000053 351
47.000000000000526 351
47.05000000000052 350
47.10000000000053 348
47.15000000000053 348
47.20000000000053 346
47.250000000000526 344
47.30000000000053 342
47.350000000000534 340
47.40000000000053 339
47.45000000000053 339
47.50000000000053 338
47.55000000000054 338
47.600000000000534 338
47.65000000000053 338
47.700000000000536 338
47.75000000000054 338
47.80000000000054 338
47.850000000000534 338
47.90000000000054 338
47.95000000000054 338
48.00000000000054 338
48.05000000000054 338
48.10000000000054 338
48.150000000000546 338
48.20000000000054 337
48.25000000000054 337
48.300000000000544 337
48.35000000000055 337
48.400000000000546 337
48.45000000000054 337
48.50000000000055 336
48.55000000000055 336
48.60000000000055 336
48.650000000000546 336
48.70000000000055 336
48.750000000000554 334
48.80000000000055 334
48.85000000000055 334
48.90000000000055 334
48.95000000000056 334
49.000000000000554 334
49.05000000000055 334
49.100000000000556 334
49.15000000000056 334
49.20000000000056 334
49.250000000000554 334
49.30000000000056 334
49.35000000000056 334
49.40000000000056 334
49.45000000000056 334
49.50000000000056 334
49.550000000000566 333
49.60000000000056 332
49.65000000000056 331
49.700000000000564 331
49.75000000000057 331
49.800000000000566 331
49.85000000000056 331
49.90000000000057 331
49.95000000000057 331
50.00000000000057 330
50.050000000000566 329
50.10000000000057 329
50.150000000000574 325
50.20000000000057 323
50.25000000000057 321
50.30000000000057 319
50.35000000000058 317
50.400000000000574 317
50.45000000000057 316
50.500000000000576 316
50.55000000000058 316
50.60000000000058 316
50.650000000000574 316
50.70000000000058 316
50.75000000000058 316
50.80000000000058 313
50.85000000000058 376
50.90000000000058 376
50.950000000000585 376
51.00000000000058 376
51.05000000000058 342
51.100000000000584 338
51.15000000000059 376
51.200000000000585 376
51.25000000000058 329
51.30000000000059 376
51.35000000000059 322
51.40000000000059 376
51.450000000000585 376
51.50000000000059 317
51.550000000000594 313
51.60000000000059 313
51.65000000000059 313
51.70000000000059 313
51.7500000000006 376
51.800000000000594 376
51.85000000000059 303
51.900000000000595 299
51.9500000000006 376
52.0000000000006 376
52.050000000000594 376
52.1000000000006 376
52.1500000000006 376
52.2000000000006 376
52.2500000000006 376
52.3000000000006 376
52.350000000000605 376
52.4000000000006 376
52.4500000000006 376
52.500000000000604 267
52.55000000000061 267
52.600000000000605 376
52.6500000000006 261
52.70000000000061 376
52.75000000000061 257
52.80000000000061 257
52.850000000000605 257
52.90000000000061 376
52.950000000000614 376
53.00000000000061 376
53.05000000000061 376
53.10000000000061 376
53.15000000000062 376
53.200000000000614 376
53.25000000000061 376
53.300000000000615 308
53.35000000000062 308
53.40000000000062 376
53.450000000000614 376
53.50000000000062 376
53.55000000000062 322
53.60000000000062 376
53.65000000000062 329
53.70000000000062 376
53.750000000000625 376
53.80000000000062 376
53.85000000000062 350
53.900000000000624 376
53.95000000000063 376
54.000000000000625 376
54.05000000000062 376
54.10000000000063 376
54.15000000000063 374
54.20000000000063 377
54.250000000000625 379
54.30000000000063 381
54.350000000000634 383
54.40000000000063 385
54.45000000000063 387
54.50000000000063 389
54.55000000000064 389
54.600000000000634 389
54.65000000000063 389
54.700000000000635 389
54.75000000000064 389
54.80000000000064 389
54.850000000000634 389
54.90000000000064 389
54.95000000000064 389
55.00000000000064 389
55.05000000000064 389
55.10000000000064 389
55.150000000000645 389
55.20000000000064 389
55.25000000000064 389
55.300000000000644 389
55.35000000000065 389
55.400000000000645 389
55.45000000000064 389
55.50000000000065 389
55.55000000000065 389
55.60000000000065 389
55.650000000000645 389
55.70000000000065 389
55.750000000000654 389
55.80000000000065 389
55.85000000000065 389
55.90000000000065 389
55.95000000000066 389
56.000000000000654 389
56.05000000000065 389
56.100000000000655 389
56.15000000000066 389
56.20000000000066 389
56.250000000000654 389
56.30000000000066 389
56.35000000000066 389
56.40000000000066 389
56.45000000000066 389
56.50000000000066 389
56.550000000000665 389
56.60000000000066 389
56.65000000000066 389
56.700000000000664 389
56.75000000000067 389
56.800000000000665 389
56.85000000000066 389
56.90000000000067 389
56.95000000000067 389
57.00000000000067 389
57.050000000000665 389
57.10000000000067 389
57.150000000000674 389
57.20000000000067 389
57.25000000000067 389
57.30000000000067 389
57.350000000000676 389
57.400000000000674 389
57.45000000000067 389
57.500000000000675 389
57.55000000000068 389
57.600000000000676 389
57.650000000000674 389
57.70000000000068 389
57.75000000000068 389
57.80000000000068 389
57.850000000000676 389
57.90000000000068 389
57.950000000000685 389
58.00000000000068 389
58.05000000000068 389
58.10000000000068 389
58.15000000000069 389
58.200000000000685 389
58.25000000000068 389
58.300000000000686 389
58.35000000000069 389
58.40000000000069 389
58.450000000000685 389
58.50000000000069 389
58.55000000000069 389
58.60000000000069 389
58.65000000000069 389
58.70000000000069 389
58.750000000000696 389
58.80000000000069 389
58.85000000000069 389
58.900000000000695 389
58.9500000000007 389
59.000000000000696 389
59.05000000000069 389
59.1000000000007 390
59.1500000000007 390
59.2000000000007 390
59.250000000000696 391
59.3000000000007 391
59.350000000000705 392
59.4000000000007 392
59.4500000000007 393
59.5000000000007 393
59.55000000000071 394
59.600000000000705 394
59.6500000000007 395
59.700000000000706 395
59.75000000000071 396
59.80000000000071 397
59.850000000000705 397
59.90000000000071 398
59.95000000000071 399
60.00000000000071 399
60.05000000000071 400
60.10000000000071 400
60.150000000000716 400
60.20000000000071 401
60.25000000000071 401
60.300000000000715 401
60.35000000000072 402
60.400000000000716 403
60.45000000000071 404
60.50000000000072 404
60.55000000000072 405
60.60000000000072 406
60.650000000000716 406
60.70000000000072 406
60.750000000000725 406
60.80000000000072 407
60.85000000000072 408
60.90000000000072 408
60.95000000000073 408
61.000000000000725 409
61.05000000000072 409
61.100000000000726 409
61.15000000000073 410
61.20000000000073 411
61.250000000000725 412
61.30000000000073 413
61.35000000000073 414
61.40000000000073 415
61.45000000000073 416
61.50000000000073 417
61.550000000000736 417
61.60000000000073 418
61.65000000000073 419
61.700000000000735 420
61.75000000000074 421
61.800000000000736 422
61.85000000000073 423
61.90000000000074 424
61.95000000000074 425
62.00000000000074 426
62.050000000000736 427
62.10000000000074 428
62.150000000000745 429
62.20000000000074 430
62.25000000000074 431
62.30000000000074 432
62.35000000000075 433
62.400000000000745 434
62.45000000000074 435
62.500000000000746 436
62.55000000000075 437
62.60000000000075 438
62.650000000000745 439
62.70000000000075 439
62.75000000000075 439
62.80000000000075 439
62.85000000000075 439
62.90000000000075 439
62.950000000000756 439
63.00000000000075 440
63.05000000000075 441
63.100000000000755 441
63.15000000000076 441
63.200000000000756 441
63.25000000000075 442
63.30000000000076 443
63.35000000000076 444
63.40000000000076 445
63.450000000000756 445
63.50000000000076 445
63.550000000000765 446
63.60000000000076 446
63.65000000000076 446
63.70000000000076 446
63.75000000000077 446
63.800000000000765 446
63.85000000000076 446
63.900000000000766 446
63.95000000000077 446
64.00000000000077 446
64.05000000000076 446
64.10000000000076 446
64.15000000000077 446
64.20000000000077 446
64.25000000000077 446
64.30000000000078 446
64.35000000000078 446
64.40000000000077 447
64.45000000000077 447
64.50000000000077 447
64.55000000000078 448
64.60000000000078 448
64.65000000000077 448
64.70000000000078 448
64.75000000000078 448
64.80000000000078 448
64.85000000000078 448
64.90000000000077 448
64.95000000000078 448
65.00000000000078 448
65.05000000000078 448
65.10000000000079 448
65.15000000000079 449
65.20000000000078 449
65.25000000000078 449
65.30000000000078 449
65.35000000000079 449
65.40000000000079 449
65.45000000000078 449
65.5000000000008 450
65.5500000000008 450
65.60000000000079 450
65.65000000000079 450
65.70000000000078 450
65.7500000000008 450
65.8000000000008 450
65.85000000000079 450
65.9000000000008 450
65.9500000000008 450
66.0000000000008 450
66.0500000000008 450
66.10000000000079 450
66.1500000000008 450
66.2000000000008 450
66.2500000000008 450
66.30000000000081 450
66.3500000000008 451
66.4000000000008 452
66.4500000000008 453
66.5000000000008 453
66.55000000000081 453
66.6000000000008 453
66.6500000000008 454
66.70000000000081 454
66.75000000000081 455
66.80000000000081 456
66.8500000000008 457
66.9000000000008 458
66.95000000000081 459
67.00000000000081 460
67.05000000000081 461
67.10000000000082 461
67.15000000000082 461
67.20000000000081 461
67.25000000000081 462
67.30000000000081 463
67.35000000000082 464
67.40000000000082 464
67.45000000000081 465
67.50000000000082 466
67.55000000000082 467
67.60000000000082 468
67.65000000000082 469
67.70000000000081 469
67.75000000000082 469
67.80000000000082 469
67.85000000000082 469
67.90000000000083 469
67.95000000000083 469
68.00000000000082 469
68.05000000000082 469
68.10000000000082 469
68.15000000000083 469
68.20000000000083 468
68.25000000000082 467
68.30000000000084 466
68.35000000000083 465
68.40000000000083 463
68.45000000000083 461
68.50000000000082 460
68.55000000000084 458
68.60000000000083 456
68.65000000000083 455
68.70000000000084 453
68.75000000000084 451
68.80000000000084 449
68.85000000000083 448
68.90000000000083 446
68.95000000000084 445
69.00000000000084 442
69.05000000000084 441
69.10000000000085 439
69.15000000000084 436
69.20000000000084 435
69.25000000000084 433
69.30000000000084 431
69.35000000000085 428
69.40000000000084 428
69.45000000000084 428
69.50000000000085 427
69.55000000000085 426
69.60000000000085 426
69.65000000000084 424
69.70000000000084 421
69.75000000000085 419
69.80000000000085 417
69.85000000000085 416
69.90000000000086 414
69.95000000000086 413
70.00000000000085 412
70.05000000000085 412
70.10000000000085 412
70.15000000000086 409
70.20000000000086 407
70.25000000000085 407
70.30000000000086 406
70.35000000000086 406
70.40000000000086 405
70.45000000000086 405
70.50000000000085 403
70.55000000000086 400
70.60000000000086 398
70.65000000000086 396
70.70000000000087 393
70.75000000000087 391
70.80000000000086 389
70.85000000000086 389
70.90000000000086 386
70.95000000000087 384
71.00000000000087 382
71.05000000000086 380
71.10000000000088 378
71.15000000000087 376
71.20000000000087 374
71.25000000000087 371
71.30000000000086 369
71.35000000000088 367
71.40000000000087 365
71.45000000000087 362
71.50000000000088 360
71.55000000000088 358
71.60000000000088 356
71.65000000000087 353
71.70000000000087 351
71.75000000000088 349
71.80000000000088 347
71.85000000000088 344
71.90000000000089 342
71.95000000000088 340
72.00000000000088 338
72.05000000000088 338
72.10000000000088 338
72.15000000000089 338
72.20000000000088 338
72.25000000000088 338
72.30000000000089 337
72.35000000000089 335
72.40000000000089 335
72.45000000000088 335
72.50000000000088 334
72.55000000000089 333
72.60000000000089 331
72.65000000000089 328
72.7000000000009 327
72.7500000000009 326
72.80000000000089 326
72.85000000000089 326
72.90000000000089 326
72.9500000000009 326
73.0000000000009 326
73.05000000000089 326
73.1000000000009 326
73.1500000000009 326
73.2000000000009 326
73.2500000000009 326
73.30000000000089 326
73.3500000000009 326
73.4000000000009 326
73.4500000000009 326
73.50000000000091 326
73.5500000000009 326
73.6000000000009 326
73.6500000000009 326
73.7000000000009 326
73.75000000000091 325
73.8000000000009 325
73.8500000000009 325
73.90000000000092 325
73.95000000000091 325
74.00000000000091 325
74.0500000000009 325
74.1000000000009 325
74.15000000000092 325
74.20000000000091 325
74.25000000000091 325
74.30000000000092 324
74.35000000000092 324
74.40000000000092 324
74.45000000000091 324
74.50000000000091 323
74.55000000000092 323
74.60000000000092 323
74.65000000000092 323
74.70000000000093 323
74.75000000000092 323
74.80000000000092 323
74.85000000000092 322
74.90000000000092 322
74.95000000000093 322
75.00000000000092 322
75.05000000000092 322
75.10000000000093 322
75.15000000000093 322
75.20000000000093 322
75.25000000000092 322
75.30000000000092 322
75.35000000000093 322
75.40000000000093 322
75.45000000000093 322
75.50000000000094 322
75.55000000000094 322
75.60000000000093 322
75.65000000000093 322
75.70000000000093 322
75.75000000000094 322
75.80000000000094 322
75.85000000000093 322
75.90000000000094 322
75.95000000000094 322
76.00000000000094 322
76.05000000000094 322
76.10000000000093 322
76.15000000000094 322
76.20000000000094 322
76.25000000000094 322
76.30000000000095 322
76.35000000000095 322
76.40000000000094 322
76.45000000000094 322
76.50000000000094 322
76.55000000000095 321
76.60000000000095 317
76.65000000000094 313
76.70000000000095 309
76.75000000000095 305
76.80000000000095 300
76.85000000000095 296
76.90000000000094 292
76.95000000000095 289
77.00000000000095 285
77.05000000000095 285
77.10000000000096 285
77.15000000000096 285
77.20000000000095 285
77.25000000000095 285
77.30000000000095 285
77.35000000000096 283
77.40000000000096 278
77.45000000000095 274
77.50000000000097 270
77.55000000000096 266
77.60000000000096 262
77.65000000000096 258
77.70000000000095 254
77.75000000000097 282
77.80000000000096 278
77.85000000000096 274
77.90000000000097 270
77.95000000000097 328
78.00000000000097 328
78.05000000000096 257
78.10000000000096 253
78.15000000000097 328
78.20000000000097 328
78.25000000000097 328
78.30000000000098 328
78.35000000000097 328
78.40000000000097 242
78.45000000000097 238
78.50000000000097 234
78.55000000000098 231
78.60000000000097 328
78.65000000000097 328
78.70000000000098 227
78.75000000000098 328
78.80000000000098 328
78.85000000000097 222
78.90000000000097 220
78.95000000000098 217
79.00000000000098 213
79.05000000000098 328
79.10000000000099 205
79.15000000000099 328
79.20000000000098 199
79.25000000000098 328
79.30000000000098 192
79.35000000000099 190
79.40000000000099 328
79.45000000000098 186
79.500000000001 190
79.55000000000099 198
79.60000000000099 328
79.65000000000099 209
79.70000000000098 328
79.750000000001 221
79.80000000000099 225
79.85000000000099 328
79.900000000001 328
79.950000000001 244
80.000000000001 328
80.05000000000099 248
80.10000000000099 248
80.150000000001 248
80.200000000001 248
80.250000000001 252
80.300000000001 252
80.350000000001 328
80.400000000001 328
80.450000000001 263
80.500000000001 328
80.550000000001 272
80.600000000001 272
80.650000000001 272
80.70000000000101 272
80.75000000000101 272
80.800000000001 272
80.850000000001 272
80.900000000001 272
80.95000000000101 272
81.00000000000101 272
81.050000000001 272
81.10000000000102 272
81.15000000000101 272
81.20000000000101 272
81.25000000000101 272
81.300000000001 272
81.35000000000102 272
81.40000000000101 272
81.45000000000101 274
81.50000000000102 274
81.55000000000102 274
81.60000000000102 274
81.65000000000101 274
81.70000000000101 274
81.75000000000102 273
81.80000000000102 328
81.85000000000102 275
81.90000000000103 275
81.95000000000103 333
82.00000000000102 333
82.05000000000102 333
82.10000000000102 333
82.15000000000103 333
82.20000000000103 333
82.25000000000102 334
82.30000000000103 334
82.35000000000103 334
82.40000000000103 334
82.45000000000103 334
82.50000000000102 334
82.55000000000103 334
82.60000000000103 334
82.65000000000103 334
82.70000000000104 334
82.75000000000104 334
82.80000000000103 334
82.85000000000103 334
82.90000000000103 334
82.95000000000104 334
83.00000000000104 334
83.05000000000103 335
83.10000000000105 335
83.15000000000104 335
83.20000000000104 336
83.25000000000104 336
83.30000000000103 337
83.35000000000105 337
83.40000000000104 338
83.45000000000104 338
83.50000000000105 339
83.55000000000105 339
83.60000000000105 340
83.65000000000104 340
83.70000000000104 341
83.75000000000105 341
83.80000000000105 342
83.85000000000105 343
83.90000000000106 343
83.95000000000105 344
84.00000000000105 344
84.05000000000105 345
84.10000000000105 345
84.15000000000106 345
84.20000000000105 345
84.25000000000105 345
84.30000000000106 345
84.35000000000106 345
84.40000000000106 345
84.45000000000105 345
84.50000000000105 346
84.55000000000106 346
84.60000000000106 347
84.65000000000106 347
84.70000000000107 348
84.75000000000107 348
84.80000000000106 349
84.85000000000106 350
84.90000000000106 350
84.95000000000107 351
85.00000000000107 351
85.05000000000106 352
85.10000000000107 352
85.15000000000107 353
85.20000000000107 353
85.25000000000107 354
85.30000000000106 354
85.35000000000107 355
85.40000000000107 355
85.45000000000107 356
85.50000000000108 356
85.55000000000108 357
85.60000000000107 357
85.65000000000107 358
85.70000000000107 358
85.75000000000108 359
85.80000000000108 359
85.85000000000107 359
85.90000000000109 359
85.95000000000108 359
86.00000000000108 359
86.05000000000108 359
86.10000000000107 359
86.15000000000109 359
86.20000000000108 359
86.25000000000108 359
86.30000000000109 359
86.35000000000109 359
86.40000000000109 360
86.45000000000108 360
86.50000000000108 360
86.55000000000109 360
86.60000000000109 360
86.65000000000109 360
86.7000000000011 360
86.7500000000011 361
86.80000000000109 361
86.85000000000109 361
86.90000000000109 361
86.9500000000011 362
87.0000000000011 362
87.05000000000109 363
87.1000000000011 363
87.1500000000011 363
87.2000000000011 363
87.2500000000011 363
87.30000000000109 363
87.3500000000011 364
87.4000000000011 364
87.4500000000011 364
87.50000000000111 364
87.5500000000011 364
87.6000000000011 364
87.6500000000011 364
87.7000000000011 364
87.75000000000111 364
87.8000000000011 364
87.8500000000011 364
87.90000000000111 364
87.95000000000111 364
88.00000000000111 364
88.0500000000011 364
88.1000000000011 364
88.15000000000111 364
88.20000000000111 364
88.25000000000111 364
88.30000000000112 364
88.35000000000112 364
88.40000000000111 364
88.45000000000111 364
88.50000000000111 364
88.55000000000112 364
88.60000000000112 364
88.65000000000111 364
88.70000000000113 364
88.75000000000112 364
88.80000000000112 364
88.85000000000112 364
88.90000000000111 364
88.95000000000113 364
89.00000000000112 365
89.05000000000112 365
89.10000000000113 365
89.15000000000113 365
89.20000000000113 365
89.25000000000112 365
89.30000000000112 365
89.35000000000113 365
89.40000000000113 365
89.45000000000113 365
89.50000000000114 365
89.55000000000113 366
89.60000000000113 366
89.65000000000113 367
89.70000000000113 367
89.75000000000114 367
89.80000000000113 368
89.85000000000113 368
89.90000000000114 369
89.95000000000114 369
90.00000000000114 369
90.05000000000113 370
90.10000000000113 370
90.15000000000114 370
90.20000000000114 371
90.25000000000114 371
90.30000000000115 372
90.35000000000115 372
90.40000000000114 372
90.45000000000114 372
90.50000000000114 372
90.55000000000115 372
90.60000000000115 372
90.65000000000114 372
90.70000000000115 372
90.75000000000115 372
90.80000000000115 372
90.85000000000115 372
90.90000000000114 372
90.95000000000115 372
91.00000000000115 372
91.05000000000115 372
91.10000000000116 372
91.15000000000116 372
91.20000000000115 372
91.25000000000115 372
91.30000000000115 373
91.35000000000116 373
91.40000000000116 374
91.45000000000115 374
91.50000000000117 375
91.55000000000116 375
91.60000000000116 376
91.65000000000116 377
91.70000000000115 377
91.75000000000117 378
91.80000000000116 378
91.85000000000116 379
91.90000000000117 380
91.95000000000117 381
92.00000000000117 381
92.05000000000116 382
92.10000000000116 383
92.15000000000117 383
92.20000000000117 384
92.25000000000117 385
92.30000000000118 385
92.35000000000117 386
92.40000000000117 387
92.45000000000117 387
92.50000000000117 388
92.55000000000118 389
92.60000000000117 389
92.65000000000117 389
92.70000000000118 389
92.75000000000118 389
92.80000000000118 389
92.85000000000117 389
92.90000000000117 389
92.95000000000118 390
93.00000000000118 391
93.05000000000118 392
93.10000000000119 393
93.15000000000119 394
93.20000000000118 395
93.25000000000118 396
93.30000000000118 397
93.35000000000119 398
93.40000000000119 399
93.45000000000118 400
93.5000000000012 401
93.55000000000119 402
93.60000000000119 403
93.65000000000119 404
93.70000000000118 405
93.7500000000012 407
93.80000000000119 408
93.85000000000119 409
93.9000000000012 410
93.9500000000012 411
94.0000000000012 412
94.05000000000119 413
94.10000000000119 414
94.1500000000012 416
94.2000000000012 417
94.2500000000012 418
94.3000000000012 420
94.3500000000012 421
94.4000000000012 423
94.4500000000012 424
94.5000000000012 424
94.5500000000012 424
94.6000000000012 424
94.6500000000012 424
94.70000000000121 424
94.75000000000121 424
94.8000000000012 424
94.8500000000012 424
94.9000000000012 424
94.95000000000121 424
95.00000000000121 424
95.0500000000012 424
95.10000000000122 424
95.15000000000121 427
95.20000000000121 429
95.25000000000121 429
95.3000000000012 429
95.35000000000122 429
95.40000000000121 429
95.45000000000121 429
95.50000000000122 430
95.55000000000122 432
95.60000000000122 433
95.65000000000121 434
95.70000000000121 436
95.75000000000122 438
95.80000000000122 440
95.85000000000122 442
95.90000000000123 444
95.95000000000122 446
96.00000000000122 448
96.05000000000122 448
96.10000000000122 448
96.15000000000123 448
96.20000000000122 448
96.25000000000122 449
96.30000000000123 450
96.35000000000123 450
96.40000000000123 450
96.45000000000122 450
96.50000000000122 450
96.55000000000123 450
96.60000000000123 450
96.65000000000123 450
96.70000000000124 450
96.75000000000124 450
96.80000000000123 450
96.85000000000123 450
96.90000000000123 450
96.95000000000124 450
97.00000000000124 450
97.05000000000123 450
97.10000000000124 450
97.15000000000124 450
97.20000000000124 450
97.25000000000124 450
97.30000000000123 450
97.35000000000124 450
97.40000000000124 450
97.45000000000124 450
97.50000000000125 450
97.55000000000125 450
97.60000000000124 450
97.65000000000124 450
97.70000000000124 450
97.75000000000125 450
97.80000000000125 450
97.85000000000124 451
97.90000000000126 453
97.95000000000125 453
98.00000000000125 453
98.05000000000125 453
98.10000000000124 454
98.15000000000126 454
98.20000000000125 454
98.25000000000125 454
98.30000000000126 454
98.35000000000126 454
98.40000000000126 454
98.45000000000125 455
98.50000000000125 456
98.55000000000126 457
98.60000000000126 458
98.65000000000126 458
98.70000000000127 459
98.75000000000126 461
98.80000000000126 463
98.85000000000126 465
98.90000000000126 467
98.95000000000127 468
99.00000000000126 470
99.05000000000126 473
99.10000000000127 475
99.15000000000127 476
99.20000000000127 478
99.25000000000126 480
99.30000000000126 482
99.35000000000127 483
99.40000000000127 485
99.45000000000127 487
99.50000000000128 489
99.55000000000128 491
99.60000000000127 492
99.65000000000127 492
99.70000000000127 492
99.75000000000128 492
99.80000000000128 493
99.85000000000127 493
99.90000000000128 494
99.95000000000128 494
