10.70000000000001 10
10.75000000000001 10
10.800000000000011 10
10.850000000000012 10
10.900000000000013 10
10.950000000000014 11
11.000000000000014 15
11.050000000000015 17
11.100000000000016 19
11.150000000000016 20
11.200000000000017 22
11.250000000000018 26
11.300000000000018 29
11.35000000000002 29
11.40000000000002 29
11.45000000000002 29
11.500000000000021 29
11.550000000000022 29
11.600000000000023 29
11.650000000000023 29
11.700000000000024 29
11.750000000000025 30
11.800000000000026 30
11.850000000000026 30
11.900000000000027 30
11.950000000000028 30
12.000000000000028 30
12.05000000000003 30
12.10000000000003 30
12.15000000000003 30
12.200000000000031 30
12.250000000000032 31
12.300000000000033 31
12.350000000000033 31
12.400000000000034 31
12.450000000000035 31
12.500000000000036 31
12.550000000000036 31
12.600000000000037 31
12.650000000000038 31
12.700000000000038 32
12.750000000000039 32
12.80000000000004 32
12.85000000000004 32
12.900000000000041 32
12.950000000000042 32
13.000000000000043 32
13.050000000000043 32
13.100000000000044 32
13.150000000000045 32
13.200000000000045 33
13.250000000000046 33
13.300000000000047 33
13.350000000000048 33
13.400000000000048 33
13.450000000000049 33
13.50000000000005 33
13.55000000000005 33
13.600000000000051 33
13.650000000000052 33
13.700000000000053 34
13.750000000000053 34
13.800000000000054 34
13.850000000000055 34
13.900000000000055 34
13.950000000000056 35
14.000000000000057 35
14.050000000000058 35
14.100000000000058 36
14.150000000000059 36
14.20000000000006 36
14.25000000000006 36
14.300000000000061 36
14.350000000000062 37
14.400000000000063 37
14.450000000000063 37
14.500000000000064 38
14.550000000000065 38
14.600000000000065 38
14.650000000000066 39
14.700000000000067 39
14.750000000000068 40
14.800000000000068 41
14.850000000000069 42
14.90000000000007 42
14.95000000000007 42
15.000000000000071 43
15.050000000000072 43
15.100000000000072 44
15.150000000000073 44
15.200000000000074 44
15.250000000000075 45
15.300000000000075 46
15.350000000000076 46
15.400000000000077 46
15.450000000000077 47
15.500000000000078 47
15.550000000000079 48
15.60000000000008 48
15.65000000000008 49
15.700000000000081 51
15.750000000000082 52
15.800000000000082 53
15.850000000000083 54
15.900000000000084 55
15.950000000000085 56
16.000000000000085 57
16.050000000000086 57
16.100000000000087 58
16.150000000000087 58
16.200000000000088 59
16.25000000000009 60
16.30000000000009 60
16.35000000000009 61
16.40000000000009 62
16.45000000000009 64
16.500000000000092 65
16.550000000000093 65
16.600000000000094 65
16.650000000000095 65
16.700000000000095 66
16.750000000000096 68
16.800000000000097 69
16.850000000000097 72
16.900000000000098 74
16.9500000000001 75
17.0000000000001 77
17.0500000000001 79
17.1000000000001 79
17.1500000000001 81
17.200000000000102 82
17.250000000000103 83
17.300000000000104 84
17.350000000000104 85
17.400000000000105 87
17.450000000000106 87
17.500000000000107 87
17.550000000000107 88
17.600000000000108 89
17.65000000000011 90
17.70000000000011 91
17.75000000000011 92
17.80000000000011 93
17.85000000000011 93
17.900000000000112 94
17.950000000000113 96
18.000000000000114 97
18.050000000000114 97
18.100000000000115 98
18.150000000000116 98
18.200000000000117 98
18.250000000000117 99
18.300000000000118 99
18.35000000000012 101
18.40000000000012 103
18.45000000000012 103
18.50000000000012 105
18.55000000000012 107
18.600000000000122 109
18.650000000000123 112
18.700000000000124 114
18.750000000000124 115
18.800000000000125 117
18.850000000000126 118
18.900000000000126 118
18.950000000000127 120
19.000000000000128 121
19.05000000000013 123
19.10000000000013 125
19.15000000000013 125
19.20000000000013 126
19.25000000000013 126
19.300000000000132 127
19.350000000000133 129
19.400000000000134 130
19.450000000000134 130
19.500000000000135 130
19.550000000000136 131
19.600000000000136 132
19.650000000000137 133
19.700000000000138 134
19.75000000000014 135
19.80000000000014 136
19.85000000000014 138
19.90000000000014 138
19.95000000000014 139
20.000000000000142 140
20.050000000000143 141
20.100000000000144 141
20.150000000000144 143
20.200000000000145 144
20.250000000000146 145
20.300000000000146 146
20.350000000000147 146
20.400000000000148 147
20.45000000000015 147
20.50000000000015 147
20.55000000000015 147
20.60000000000015 147
20.65000000000015 148
20.700000000000152 149
20.750000000000153 149
20.800000000000153 151
20.850000000000154 153
20.900000000000155 155
20.950000000000156 156
21.000000000000156 158
21.050000000000157 160
21.100000000000158 162
21.15000000000016 164
21.20000000000016 166
21.25000000000016 168
21.30000000000016 170
21.35000000000016 172
21.400000000000162 173
21.450000000000163 175
21.500000000000163 177
21.550000000000164 177
21.600000000000165 177
21.650000000000166 179
21.700000000000166 181
21.750000000000167 182
21.800000000000168 183
21.85000000000017 185
21.90000000000017 187
21.95000000000017 187
22.00000000000017 187
22.05000000000017 188
22.100000000000172 189
22.150000000000173 190
22.200000000000173 191
22.250000000000174 192
22.300000000000175 194
22.350000000000176 195
22.400000000000176 195
22.450000000000177 195
22.500000000000178 195
22.55000000000018 195
22.60000000000018 198
22.65000000000018 198
22.70000000000018 199
22.75000000000018 200
22.800000000000182 200
22.850000000000183 202
22.900000000000183 203
22.950000000000184 203
23.000000000000185 205
23.050000000000185 207
23.100000000000186 207
23.150000000000187 207
23.200000000000188 209
23.25000000000019 210
23.30000000000019 210
23.35000000000019 211
23.40000000000019 212
23.45000000000019 214
23.500000000000192 215
23.550000000000193 216
23.600000000000193 216
23.650000000000194 218
23.700000000000195 219
23.750000000000195 219
23.800000000000196 219
23.850000000000197 220
23.900000000000198 220
23.9500000000002 220
24.0000000000002 220
24.0500000000002 220
24.1000000000002 220
24.1500000000002 220
24.200000000000202 221
24.250000000000203 222
24.300000000000203 223
24.350000000000204 223
24.400000000000205 224
24.450000000000205 226
24.500000000000206 228
24.550000000000207 230
24.600000000000207 232
24.650000000000208 233
24.70000000000021 234
24.75000000000021 236
24.80000000000021 238
24.85000000000021 240
24.90000000000021 242
24.950000000000212 244
25.000000000000213 246
25.050000000000214 248
25.100000000000215 250
25.150000000000215 251
25.200000000000216 254
25.250000000000217 256
25.300000000000217 258
25.350000000000218 259
25.40000000000022 260
25.45000000000022 262
25.50000000000022 264
25.55000000000022 265
25.60000000000022 266
25.650000000000222 266
25.700000000000223 266
25.750000000000224 268
25.800000000000225 270
25.850000000000225 272
25.900000000000226 273
25.950000000000227 273
26.000000000000227 275
26.050000000000228 277
26.10000000000023 279
26.15000000000023 280
26.20000000000023 280
26.25000000000023 280
26.30000000000023 280
26.350000000000232 282
26.400000000000233 282
26.450000000000234 283
26.500000000000234 284
26.550000000000235 286
26.600000000000236 286
26.650000000000237 287
26.700000000000237 289
26.750000000000238 291
26.80000000000024 292
26.85000000000024 292
26.90000000000024 293
26.95000000000024 293
27.00000000000024 293
27.050000000000242 293
27.100000000000243 294
27.150000000000244 296
27.200000000000244 297
27.250000000000245 297
27.300000000000246 297
27.350000000000247 299
27.400000000000247 300
27.450000000000248 300
27.50000000000025 301
27.55000000000025 303
27.60000000000025 304
27.65000000000025 304
27.70000000000025 304
27.750000000000252 306
27.800000000000253 308
27.850000000000254 310
27.900000000000254 310
27.950000000000255 310
28.000000000000256 310
28.050000000000257 312
28.100000000000257 314
28.150000000000258 315
28.20000000000026 315
28.25000000000026 315
28.30000000000026 316
28.35000000000026 318
28.40000000000026 318
28.450000000000262 320
28.500000000000263 321
28.550000000000264 323
28.600000000000264 324
28.650000000000265 324
28.700000000000266 325
28.750000000000266 327
28.800000000000267 328
28.850000000000268 328
28.90000000000027 328
28.95000000000027 328
29.00000000000027 329
29.05000000000027 330
29.10000000000027 330
29.150000000000272 330
29.200000000000273 330
29.250000000000274 330
29.300000000000274 330
29.350000000000275 330
29.400000000000276 330
29.450000000000276 330
29.500000000000277 330
29.550000000000278 331
29.60000000000028 333
29.65000000000028 333
29.70000000000028 335
29.75000000000028 335
29.80000000000028 335
29.850000000000282 335
29.900000000000283 337
29.950000000000284 338
30.000000000000284 340
30.050000000000285 342
30.100000000000286 344
30.150000000000286 346
30.200000000000287 348
30.250000000000288 349
30.30000000000029 350
30.35000000000029 352
30.40000000000029 355
30.45000000000029 357
30.50000000000029 358
30.550000000000292 360
30.600000000000293 361
30.650000000000293 362
30.700000000000294 365
30.750000000000295 367
30.800000000000296 369
30.850000000000296 371
30.900000000000297 373
30.950000000000298 375
31.0000000000003 377
31.0500000000003 379
31.1000000000003 381
31.1500000000003 383
31.2000000000003 385
31.250000000000302 387
31.300000000000303 388
31.350000000000303 389
31.400000000000304 391
31.450000000000305 393
31.500000000000306 395
31.550000000000306 397
31.600000000000307 398
31.650000000000308 399
31.70000000000031 399
31.75000000000031 399
31.80000000000031 399
31.85000000000031 399
31.90000000000031 401
31.950000000000312 404
32.00000000000031 406
32.05000000000031 408
32.100000000000314 409
32.15000000000032 409
32.200000000000315 409
32.25000000000031 411
32.30000000000032 413
32.35000000000032 415
32.40000000000032 417
32.450000000000315 419
32.50000000000032 420
32.550000000000324 420
32.60000000000032 420
32.65000000000032 420
32.70000000000032 420
32.75000000000033 421
32.800000000000324 422
32.85000000000032 423
32.900000000000325 424
32.95000000000033 424
33.00000000000033 424
33.050000000000324 426
33.10000000000033 428
33.15000000000033 429
33.20000000000033 429
33.25000000000033 431
33.30000000000033 433
33.350000000000335 435
33.40000000000033 437
33.45000000000033 438
33.500000000000334 438
33.55000000000034 438
33.600000000000335 439
33.65000000000033 439
33.70000000000034 439
33.75000000000034 439
33.80000000000034 439
33.850000000000335 439
33.90000000000034 439
33.950000000000344 441
34.00000000000034 443
34.05000000000034 445
34.10000000000034 446
34.15000000000035 446
34.200000000000344 446
34.25000000000034 446
34.300000000000345 447
34.35000000000035 449
34.40000000000035 450
34.450000000000344 450
34.50000000000035 450
34.55000000000035 451
34.60000000000035 453
34.65000000000035 456
34.70000000000035 456
34.750000000000355 456
34.80000000000035 456
34.85000000000035 458
34.900000000000354 459
34.95000000000036 461
35.000000000000355 463
35.05000000000035 465
35.10000000000036 465
35.15000000000036 465
35.20000000000036 465
35.250000000000355 465
35.30000000000036 467
35.350000000000364 468
35.40000000000036 470
35.45000000000036 471
35.50000000000036 472
35.55000000000037 472
35.600000000000364 472
35.65000000000036 472
35.700000000000365 473
35.75000000000037 474
35.80000000000037 476
35.850000000000364 477
35.90000000000037 478
35.95000000000037 480
36.00000000000037 481
36.05000000000037 482
36.10000000000037 484
36.150000000000375 485
36.20000000000037 486
36.25000000000037 486
36.300000000000374 486
36.35000000000038 487
36.400000000000375 490
36.45000000000037 490
36.50000000000038 491
36.55000000000038 492
36.60000000000038 492
36.650000000000375 492
36.70000000000038 492
36.750000000000384 493
36.80000000000038 494
36.85000000000038 495
36.90000000000038 495
36.95000000000039 495
37.000000000000384 495
37.05000000000038 495
37.100000000000385 495
37.15000000000039 495
37.20000000000039 495
37.250000000000384 495
37.30000000000039 495
37.35000000000039 495
37.40000000000039 495
37.45000000000039 495
37.50000000000039 495
37.550000000000395 495
37.60000000000039 495
37.65000000000039 497
37.700000000000394 499
37.7500000000004 500
37.800000000000395 501
37.85000000000039 502
37.9000000000004 502
37.9500000000004 502
38.0000000000004 502
38.050000000000395 502
38.1000000000004 504
38.150000000000404 505
38.2000000000004 507
38.2500000000004 509
38.3000000000004 511
38.350000000000406 513
38.400000000000404 515
38.4500000000004 517
38.500000000000405 519
38.55000000000041 521
38.600000000000406 522
38.650000000000404 523
38.70000000000041 525
38.75000000000041 527
38.80000000000041 529
38.850000000000406 531
38.90000000000041 532
38.950000000000415 534
39.00000000000041 535
39.05000000000041 538
39.10000000000041 540
39.15000000000042 542
39.200000000000415 542
39.25000000000041 544
39.300000000000416 546
39.35000000000042 548
39.40000000000042 550
39.450000000000415 552
39.50000000000042 554
39.55000000000042 556
39.60000000000042 558
39.65000000000042 561
39.70000000000042 563
39.750000000000426 565
39.80000000000042 567
39.85000000000042 569
39.900000000000425 571
39.95000000000043 573
40.000000000000426 575
40.05000000000042 577
40.10000000000043 579
40.15000000000043 581
40.20000000000043 582
40.250000000000426 583
40.30000000000043 583
40.350000000000435 585
40.40000000000043 587
40.45000000000043 589
40.50000000000043 591
40.55000000000044 593
40.600000000000435 595
40.65000000000043 596
40.700000000000436 597
40.75000000000044 598
40.80000000000044 598
40.850000000000435 598
40.90000000000044 598
40.95000000000044 598
41.00000000000044 598
41.05000000000044 598
41.10000000000044 600
41.150000000000446 602
41.20000000000044 604
41.25000000000044 606
41.300000000000445 608
41.35000000000045 610
41.400000000000446 612
41.45000000000044 613
41.50000000000045 613
41.55000000000045 612
41.60000000000045 608
41.650000000000446 605
41.70000000000045 602
41.750000000000455 598
41.80000000000045 597
41.85000000000045 597
41.90000000000045 597
41.95000000000046 593
42.000000000000455 593
42.05000000000045 593
42.100000000000456 591
42.15000000000046 589
42.20000000000046 588
42.250000000000455 588
42.30000000000046 587
42.35000000000046 585
42.40000000000046 582
42.45000000000046 580
42.50000000000046 580
42.550000000000466 579
42.60000000000046 576
42.65000000000046 572
42.700000000000465 569
42.75000000000047 566
42.800000000000466 565
42.85000000000046 565
42.90000000000047 564
42.95000000000047 564
43.00000000000047 564
43.050000000000466 564
43.10000000000047 564
43.150000000000475 564
43.20000000000047 564
43.25000000000047 562
43.30000000000047 559
43.35000000000048 556
43.400000000000475 554
43.45000000000047 554
43.500000000000476 554
43.55000000000048 554
43.60000000000048 552
43.650000000000475 550
43.70000000000048 548
43.75000000000048 548
43.80000000000048 548
43.85000000000048 547
43.90000000000048 543
43.950000000000486 540
44.00000000000048 537
44.05000000000048 537
44.100000000000485 537
44.15000000000049 536
44.200000000000486 535
44.25000000000048 531
44.30000000000049 527
44.35000000000049 524
44.40000000000049 522
44.450000000000486 522
44.50000000000049 522
44.550000000000495 522
44.60000000000049 522
44.65000000000049 519
44.70000000000049 516
44.7500000000005 513
44.800000000000495 513
44.85000000000049 512
44.900000000000496 512
44.9500000000005 512
45.0000000000005 512
45.050000000000495 510
45.1000000000005 509
45.1500000000005 508
45.2000000000005 506
45.2500000000005 503
45.3000000000005 500
45.350000000000506 498
45.4000000000005 494
45.4500000000005 493
45.500000000000504 493
45.55000000000051 491
45.600000000000506 491
45.6500000000005 488
45.70000000000051 487
45.75000000000051 485
45.80000000000051 483
45.850000000000506 482
45.90000000000051 481
45.950000000000514 481
46.00000000000051 481
46.05000000000051 480
46.10000000000051 480
46.15000000000052 476
46.200000000000514 476
46.25000000000051 476
46.300000000000516 476
46.35000000000052 476
46.40000000000052 476
46.450000000000514 476
46.50000000000052 476
46.55000000000052 476
46.60000000000052 476
46.65000000000052 476
46.70000000000052 476
46.750000000000526 476
46.80000000000052 476
46.85000000000052 476
46.900000000000524 476
46.95000000000053 473
47.000000000000526 470
47.05000000000052 468
47.10000000000053 468
47.15000000000053 465
47.20000000000053 464
47.250000000000526 464
47.30000000000053 464
47.350000000000534 464
47.40000000000053 462
47.45000000000053 460
47.50000000000053 459
47.55000000000054 456
47.600000000000534 451
47.65000000000053 447
47.700000000000536 444
47.75000000000054 441
47.80000000000054 437
47.850000000000534 434
47.90000000000054 432
47.95000000000054 430
48.00000000000054 427
48.05000000000054 425
48.10000000000054 423
48.150000000000546 421
48.20000000000054 420
48.25000000000054 417
48.300000000000544 416
48.35000000000055 414
48.400000000000546 412
48.45000000000054 409
48.50000000000055 408
48.55000000000055 407
48.60000000000055 405
48.650000000000546 404
48.70000000000055 402
48.750000000000554 401
48.80000000000055 396
48.85000000000055 394
48.90000000000055 392
48.95000000000056 389
49.000000000000554 385
49.05000000000055 381
49.100000000000556 377
49.15000000000056 373
49.20000000000056 367
49.250000000000554 363
49.30000000000056 359
49.35000000000056 355
49.40000000000056 351
49.45000000000056 347
49.50000000000056 345
49.550000000000566 345
49.60000000000056 342
49.65000000000056 341
49.700000000000564 337
49.75000000000057 333
49.800000000000566 327
49.85000000000056 323
49.90000000000057 319
49.95000000000057 317
50.00000000000057 317
50.050000000000566 313
50.10000000000057 313
50.150000000000574 312
50.20000000000057 312
50.25000000000057 312
50.30000000000057 312
50.35000000000058 312
50.400000000000574 311
50.45000000000057 306
50.500000000000576 302
50.55000000000058 298
50.60000000000058 294
50.650000000000574 290
50.70000000000058 286
50.75000000000058 284
50.80000000000058 284
50.85000000000058 283
50.90000000000058 403
50.950000000000585 403
51.00000000000058 403
51.05000000000058 270
51.100000000000584 270
51.15000000000059 270
51.200000000000585 270
51.25000000000058 403
51.30000000000059 403
51.35000000000059 403
51.40000000000059 403
51.450000000000585 403
51.50000000000059 296
51.550000000000594 296
51.60000000000059 403
51.65000000000059 403
51.70000000000059 403
51.7500000000006 403
51.800000000000594 403
51.85000000000059 282
51.900000000000595 282
51.9500000000006 282
52.0000000000006 282
52.050000000000594 280
52.1000000000006 276
52.1500000000006 272
52.2000000000006 272
52.2500000000006 272
52.3000000000006 270
52.350000000000605 403
52.4000000000006 403
52.4500000000006 403
52.500000000000604 264
52.55000000000061 403
52.600000000000605 403
52.6500000000006 403
52.70000000000061 255
52.75000000000061 403
52.80000000000061 403
52.850000000000605 403
52.90000000000061 403
52.950000000000614 403
53.00000000000061 244
53.05000000000061 240
53.10000000000061 236
53.15000000000062 234
53.200000000000614 234
53.25000000000061 234
53.300000000000615 233
53.35000000000062 229
53.40000000000062 227
53.450000000000614 403
53.50000000000062 403
53.55000000000062 223
53.60000000000062 403
53.65000000000062 403
53.70000000000062 403
53.750000000000625 403
53.80000000000062 403
53.85000000000062 249
53.900000000000624 403
53.95000000000063 403
54.000000000000625 403
54.05000000000062 255
54.10000000000063 403
54.15000000000063 403
54.20000000000063 403
54.250000000000625 403
54.30000000000063 403
54.350000000000634 403
54.40000000000063 403
54.45000000000063 403
54.50000000000063 403
54.55000000000064 403
54.600000000000634 403
54.65000000000063 403
54.700000000000635 403
54.75000000000064 403
54.80000000000064 403
54.850000000000634 403
54.90000000000064 403
54.95000000000064 403
55.00000000000064 403
55.05000000000064 403
55.10000000000064 403
55.150000000000645 403
55.20000000000064 403
55.25000000000064 403
55.300000000000644 403
55.35000000000065 403
55.400000000000645 403
55.45000000000064 403
55.50000000000065 403
55.55000000000065 403
55.60000000000065 403
55.650000000000645 403
55.70000000000065 403
55.750000000000654 341
55.80000000000065 403
55.85000000000065 403
55.90000000000065 403
55.95000000000066 403
56.000000000000654 359
56.05000000000065 366
56.100000000000655 403
56.15000000000066 372
56.20000000000066 403
56.250000000000654 380
56.30000000000066 385
56.35000000000066 384
56.40000000000066 389
56.45000000000066 403
56.50000000000066 403
56.550000000000665 403
56.60000000000066 403
56.65000000000066 404
56.700000000000664 407
56.75000000000067 411
56.800000000000665 415
56.85000000000066 419
56.90000000000067 423
56.95000000000067 428
57.00000000000067 429
57.050000000000665 429
57.10000000000067 429
57.150000000000674 429
57.20000000000067 429
57.25000000000067 429
57.30000000000067 429
57.350000000000676 429
57.400000000000674 429
57.45000000000067 429
57.500000000000675 429
57.55000000000068 429
57.600000000000676 429
57.650000000000674 429
57.70000000000068 429
57.75000000000068 429
57.80000000000068 429
57.850000000000676 429
57.90000000000068 429
57.950000000000685 429
58.00000000000068 429
58.05000000000068 429
58.10000000000068 429
58.15000000000069 429
58.200000000000685 429
58.25000000000068 429
58.300000000000686 429
58.35000000000069 430
58.40000000000069 430
58.450000000000685 431
58.50000000000069 431
58.55000000000069 431
58.60000000000069 431
58.65000000000069 432
58.70000000000069 432
58.750000000000696 432
58.80000000000069 433
58.85000000000069 433
58.900000000000695 433
58.9500000000007 433
59.000000000000696 433
59.05000000000069 433
59.1000000000007 433
59.1500000000007 433
59.2000000000007 433
59.250000000000696 433
59.3000000000007 433
59.350000000000705 433
59.4000000000007 433
59.4500000000007 433
59.5000000000007 433
59.55000000000071 433
59.600000000000705 433
59.6500000000007 433
59.700000000000706 433
59.75000000000071 433
59.80000000000071 433
59.850000000000705 433
59.90000000000071 433
59.95000000000071 433
60.00000000000071 433
60.05000000000071 434
60.10000000000071 435
60.150000000000716 436
60.20000000000071 436
60.25000000000071 437
60.300000000000715 438
60.35000000000072 438
60.400000000000716 438
60.45000000000071 438
60.50000000000072 438
60.55000000000072 438
60.60000000000072 438
60.650000000000716 439
60.70000000000072 441
60.750000000000725 443
60.80000000000072 443
60.85000000000072 443
60.90000000000072 443
60.95000000000073 445
61.000000000000725 445
61.05000000000072 447
61.100000000000726 447
61.15000000000073 448
61.20000000000073 448
61.250000000000725 448
61.30000000000073 448
61.35000000000073 448
61.40000000000073 448
61.45000000000073 448
61.50000000000073 448
61.550000000000736 450
61.60000000000073 450
61.65000000000073 450
61.700000000000735 451
61.75000000000074 451
61.800000000000736 451
61.85000000000073 451
61.90000000000074 451
61.95000000000074 451
62.00000000000074 451
62.050000000000736 451
62.10000000000074 451
62.150000000000745 451
62.20000000000074 451
62.25000000000074 451
62.30000000000074 451
62.35000000000075 451
62.400000000000745 451
62.45000000000074 451
62.500000000000746 451
62.55000000000075 451
62.60000000000075 451
62.650000000000745 451
62.70000000000075 452
62.75000000000075 453
62.80000000000075 455
62.85000000000075 456
62.90000000000075 457
62.950000000000756 459
63.00000000000075 459
63.05000000000075 459
63.100000000000755 461
63.15000000000076 463
63.200000000000756 463
63.25000000000075 463
63.30000000000076 463
63.35000000000076 463
63.40000000000076 463
63.450000000000756 465
63.50000000000076 466
63.550000000000765 467
63.60000000000076 468
63.65000000000076 469
63.70000000000076 470
63.75000000000077 471
63.800000000000765 473
63.85000000000076 475
63.900000000000766 476
63.95000000000077 477
64.00000000000077 479
64.05000000000076 480
64.10000000000076 481
64.15000000000077 483
64.20000000000077 484
64.25000000000077 485
64.30000000000078 487
64.35000000000078 488
64.40000000000077 489
64.45000000000077 490
64.50000000000077 491
64.55000000000078 492
64.60000000000078 493
64.65000000000077 494
64.70000000000078 495
64.75000000000078 496
64.80000000000078 497
64.85000000000078 498
64.90000000000077 499
64.95000000000078 500
65.00000000000078 500
65.05000000000078 501
65.10000000000079 502
65.15000000000079 503
65.20000000000078 503
65.25000000000078 504
65.30000000000078 505
65.35000000000079 506
65.40000000000079 507
65.45000000000078 508
65.5000000000008 509
65.5500000000008 510
65.60000000000079 511
65.65000000000079 512
65.70000000000078 513
65.7500000000008 512
65.8000000000008 511
65.85000000000079 505
65.9000000000008 505
65.9500000000008 495
66.0000000000008 491
66.0500000000008 487
66.10000000000079 482
66.1500000000008 477
66.2000000000008 471
66.2500000000008 465
66.30000000000081 460
66.3500000000008 460
66.4000000000008 458
66.4500000000008 458
66.5000000000008 457
66.55000000000081 456
66.6000000000008 454
66.6500000000008 454
66.70000000000081 454
66.75000000000081 454
66.80000000000081 453
66.8500000000008 453
66.9000000000008 453
66.95000000000081 453
67.00000000000081 453
67.05000000000081 453
67.10000000000082 452
67.15000000000082 451
67.20000000000081 449
67.25000000000081 449
67.30000000000081 449
67.35000000000082 449
67.40000000000082 449
67.45000000000081 449
67.50000000000082 449
67.55000000000082 449
67.60000000000082 449
67.65000000000082 449
67.70000000000081 448
67.75000000000082 448
67.80000000000082 445
67.85000000000082 444
67.90000000000083 443
67.95000000000083 441
68.00000000000082 439
68.05000000000082 438
68.10000000000082 437
68.15000000000083 434
68.20000000000083 433
68.25000000000082 433
68.30000000000084 433
68.35000000000083 433
68.40000000000083 433
68.45000000000083 433
68.50000000000082 433
68.55000000000084 433
68.60000000000083 433
68.65000000000083 433
68.70000000000084 433
68.75000000000084 433
68.80000000000084 433
68.85000000000083 433
68.90000000000083 433
68.95000000000084 433
69.00000000000084 433
69.05000000000084 433
69.10000000000085 433
69.15000000000084 433
69.20000000000084 433
69.25000000000084 433
69.30000000000084 433
69.35000000000085 433
69.40000000000084 432
69.45000000000084 429
69.50000000000085 428
69.55000000000085 428
69.60000000000085 426
69.65000000000084 425
69.70000000000084 425
69.75000000000085 425
69.80000000000085 425
69.85000000000085 425
69.90000000000086 425
69.95000000000086 424
70.00000000000085 421
70.05000000000085 418
70.10000000000085 417
70.15000000000086 417
70.20000000000086 417
70.25000000000085 415
70.30000000000086 413
70.35000000000086 411
70.40000000000086 409
70.45000000000086 407
70.50000000000085 407
70.55000000000086 407
70.60000000000086 407
70.65000000000086 407
70.70000000000087 407
70.75000000000087 407
70.80000000000086 407
70.85000000000086 405
70.90000000000086 404
70.95000000000087 404
71.00000000000087 404
71.05000000000086 402
71.10000000000088 402
71.15000000000087 402
71.20000000000087 402
71.25000000000087 402
71.30000000000086 402
71.35000000000088 402
71.40000000000087 402
71.45000000000087 402
71.50000000000088 402
71.55000000000088 402
71.60000000000088 402
71.65000000000087 402
71.70000000000087 402
71.75000000000088 402
71.80000000000088 402
71.85000000000088 402
71.90000000000089 402
71.95000000000088 402
72.00000000000088 400
72.05000000000088 399
72.10000000000088 396
72.15000000000089 393
72.20000000000088 391
72.25000000000088 388
72.30000000000089 387
72.35000000000089 387
72.40000000000089 385
72.45000000000088 381
72.50000000000088 379
72.55000000000089 378
72.60000000000089 378
72.65000000000089 378
72.7000000000009 378
72.7500000000009 377
72.80000000000089 374
72.85000000000089 372
72.90000000000089 370
72.9500000000009 367
73.0000000000009 366
73.05000000000089 364
73.1000000000009 361
73.1500000000009 359
73.2000000000009 357
73.2500000000009 356
73.30000000000089 355
73.3500000000009 353
73.4000000000009 352
73.4500000000009 351
73.50000000000091 349
73.5500000000009 348
73.6000000000009 347
73.6500000000009 345
73.7000000000009 343
73.75000000000091 343
73.8000000000009 341
73.8500000000009 340
73.90000000000092 339
73.95000000000091 338
74.00000000000091 334
74.0500000000009 330
74.1000000000009 326
74.15000000000092 322
74.20000000000091 318
74.25000000000091 314
74.30000000000092 312
74.35000000000092 308
74.40000000000092 304
74.45000000000091 300
74.50000000000091 299
74.55000000000092 295
74.60000000000092 291
74.65000000000092 287
74.70000000000093 283
74.75000000000092 279
74.80000000000092 275
74.85000000000092 273
74.90000000000092 269
74.95000000000093 264
75.00000000000092 260
75.05000000000092 255
75.10000000000093 252
75.15000000000093 359
75.20000000000093 359
75.25000000000092 359
75.30000000000092 359
75.35000000000093 359
75.40000000000093 359
75.45000000000093 359
75.50000000000094 359
75.55000000000094 359
75.60000000000093 359
75.65000000000093 359
75.70000000000093 359
75.75000000000094 359
75.80000000000094 359
75.85000000000093 359
75.90000000000094 359
75.95000000000094 359
76.00000000000094 359
76.05000000000094 359
76.10000000000093 359
76.15000000000094 359
76.20000000000094 359
76.25000000000094 359
76.30000000000095 285
76.35000000000095 282
76.40000000000094 278
76.45000000000094 277
76.50000000000094 277
76.55000000000095 277
76.60000000000095 277
76.65000000000094 277
76.70000000000095 277
76.75000000000095 277
76.80000000000095 277
76.85000000000095 277
76.90000000000094 277
76.95000000000095 276
77.00000000000095 276
77.05000000000095 272
77.10000000000096 267
77.15000000000096 263
77.20000000000095 259
77.25000000000095 255
77.30000000000095 251
77.35000000000096 249
77.40000000000096 249
77.45000000000095 249
77.50000000000097 249
77.55000000000096 249
77.60000000000096 249
77.65000000000096 249
77.70000000000095 249
77.75000000000097 249
77.80000000000096 249
77.85000000000096 249
77.90000000000097 249
77.95000000000097 249
78.00000000000097 249
78.05000000000096 249
78.10000000000096 249
78.15000000000097 249
78.20000000000097 359
78.25000000000097 242
78.30000000000098 238
78.35000000000097 359
78.40000000000097 359
78.45000000000097 359
78.50000000000097 359
78.55000000000098 234
78.60000000000097 359
78.65000000000097 359
78.70000000000098 225
78.75000000000098 225
78.80000000000098 221
78.85000000000097 221
78.90000000000097 359
78.95000000000098 228
79.00000000000098 228
79.05000000000098 228
79.10000000000099 228
79.15000000000099 228
79.20000000000098 234
79.25000000000098 234
79.30000000000098 234
79.35000000000099 236
79.40000000000099 236
79.45000000000098 236
79.500000000001 236
79.55000000000099 236
79.60000000000099 236
79.65000000000099 236
79.70000000000098 236
79.750000000001 236
79.80000000000099 236
79.85000000000099 236
79.900000000001 236
79.950000000001 236
80.000000000001 239
80.05000000000099 359
80.10000000000099 359
80.150000000001 255
80.200000000001 263
80.250000000001 359
80.300000000001 359
80.350000000001 359
80.400000000001 359
80.450000000001 359
80.500000000001 359
80.550000000001 284
80.600000000001 359
80.650000000001 288
80.70000000000101 359
80.75000000000101 299
80.800000000001 306
80.850000000001 313
80.900000000001 317
80.95000000000101 317
81.00000000000101 320
81.050000000001 324
81.10000000000102 324
81.15000000000101 359
81.20000000000101 331
81.25000000000101 359
81.300000000001 359
81.35000000000102 338
81.40000000000101 359
81.45000000000101 339
81.50000000000102 343
81.55000000000102 346
81.60000000000102 348
81.65000000000101 359
81.70000000000101 359
81.75000000000102 359
81.80000000000102 359
81.85000000000102 359
81.90000000000103 359
81.95000000000103 359
82.00000000000102 359
82.05000000000102 359
82.10000000000102 359
82.15000000000103 359
82.20000000000103 359
82.25000000000102 359
82.30000000000103 359
82.35000000000103 359
82.40000000000103 359
82.45000000000103 359
82.50000000000102 359
82.55000000000103 359
82.60000000000103 359
82.65000000000103 359
82.70000000000104 359
82.75000000000104 359
82.80000000000103 359
82.85000000000103 359
82.90000000000103 359
82.95000000000104 359
83.00000000000104 359
83.05000000000103 359
83.10000000000105 359
83.15000000000104 359
83.20000000000104 359
83.25000000000104 359
83.30000000000103 359
83.35000000000105 359
83.40000000000104 359
83.45000000000104 359
83.50000000000105 359
83.55000000000105 359
83.60000000000105 359
83.65000000000104 359
83.70000000000104 359
83.75000000000105 359
83.80000000000105 359
83.85000000000105 359
83.90000000000106 359
83.95000000000105 359
84.00000000000105 359
84.05000000000105 359
84.10000000000105 359
84.15000000000106 359
84.20000000000105 360
84.25000000000105 360
84.30000000000106 361
84.35000000000106 361
84.40000000000106 362
84.45000000000105 362
84.50000000000105 362
84.55000000000106 362
84.60000000000106 362
84.65000000000106 362
84.70000000000107 362
84.75000000000107 362
84.80000000000106 362
84.85000000000106 362
84.90000000000106 362
84.95000000000107 362
85.00000000000107 362
85.05000000000106 362
85.10000000000107 362
85.15000000000107 362
85.20000000000107 362
85.25000000000107 362
85.30000000000106 362
85.35000000000107 362
85.40000000000107 362
85.45000000000107 362
85.50000000000108 362
85.55000000000108 362
85.60000000000107 362
85.65000000000107 362
85.70000000000107 362
85.75000000000108 362
85.80000000000108 363
85.85000000000107 364
85.90000000000109 364
85.95000000000108 365
86.00000000000108 366
86.05000000000108 367
86.10000000000107 368
86.15000000000109 369
86.20000000000108 369
86.25000000000108 370
86.30000000000109 371
86.35000000000109 371
86.40000000000109 371
86.45000000000108 371
86.50000000000108 372
86.55000000000109 373
86.60000000000109 373
86.65000000000109 374
86.7000000000011 374
86.7500000000011 375
86.80000000000109 375
86.85000000000109 375
86.90000000000109 375
86.9500000000011 375
87.0000000000011 375
87.05000000000109 375
87.1000000000011 375
87.1500000000011 376
87.2000000000011 376
87.2500000000011 377
87.30000000000109 378
87.3500000000011 378
87.4000000000011 379
87.4500000000011 379
87.50000000000111 380
87.5500000000011 381
87.6000000000011 381
87.6500000000011 382
87.7000000000011 382
87.75000000000111 383
87.8000000000011 384
87.8500000000011 384
87.90000000000111 385
87.95000000000111 386
88.00000000000111 386
88.0500000000011 387
88.1000000000011 387
88.15000000000111 388
88.20000000000111 388
88.25000000000111 389
88.30000000000112 389
88.35000000000112 390
88.40000000000111 390
88.45000000000111 391
88.50000000000111 392
88.55000000000112 392
88.60000000000112 393
88.65000000000111 393
88.70000000000113 393
88.75000000000112 394
88.80000000000112 394
88.85000000000112 394
88.90000000000111 395
88.95000000000113 395
89.00000000000112 395
89.05000000000112 396
89.10000000000113 396
89.15000000000113 397
89.20000000000113 397
89.25000000000112 398
89.30000000000112 398
89.35000000000113 398
89.40000000000113 398
89.45000000000113 398
89.50000000000114 399
89.55000000000113 399
89.60000000000113 399
89.65000000000113 399
89.70000000000113 399
89.75000000000114 399
89.80000000000113 399
89.85000000000113 399
89.90000000000114 399
89.95000000000114 399
90.00000000000114 399
90.05000000000113 399
90.10000000000113 399
90.15000000000114 399
90.20000000000114 399
90.25000000000114 399
90.30000000000115 399
90.35000000000115 400
90.40000000000114 400
90.45000000000114 401
90.50000000000114 401
90.55000000000115 401
90.60000000000115 402
90.65000000000114 402
90.70000000000115 402
90.75000000000115 403
90.80000000000115 403
90.85000000000115 404
90.90000000000114 404
90.95000000000115 405
91.00000000000115 405
91.05000000000115 405
91.10000000000116 406
91.15000000000116 406
91.20000000000115 406
91.25000000000115 407
91.30000000000115 407
91.35000000000116 407
91.40000000000116 407
91.45000000000115 407
91.50000000000117 407
91.55000000000116 407
91.60000000000116 407
91.65000000000116 407
91.70000000000115 407
91.75000000000117 407
91.80000000000116 407
91.85000000000116 407
91.90000000000117 407
91.95000000000117 407
92.00000000000117 407
92.05000000000116 407
92.10000000000116 407
92.15000000000117 407
92.20000000000117 407
92.25000000000117 407
92.30000000000118 407
92.35000000000117 407
92.40000000000117 407
92.45000000000117 407
92.50000000000117 407
92.55000000000118 407
92.60000000000117 408
92.65000000000117 408
92.70000000000118 409
92.75000000000118 409
92.80000000000118 410
92.85000000000117 411
92.90000000000117 411
92.95000000000118 411
93.00000000000118 412
93.05000000000118 412
93.10000000000119 412
93.15000000000119 412
93.20000000000118 412
93.25000000000118 412
93.30000000000118 412
93.35000000000119 412
93.40000000000119 412
93.45000000000118 412
93.5000000000012 412
93.55000000000119 412
93.60000000000119 412
93.65000000000119 412
93.70000000000118 412
93.7500000000012 412
93.80000000000119 412
93.85000000000119 412
93.9000000000012 412
93.9500000000012 412
94.0000000000012 412
94.05000000000119 412
94.10000000000119 412
94.1500000000012 412
94.2000000000012 412
94.2500000000012 412
94.3000000000012 412
94.3500000000012 412
94.4000000000012 412
94.4500000000012 412
94.5000000000012 413
94.5500000000012 415
94.6000000000012 416
94.6500000000012 417
94.70000000000121 418
94.75000000000121 420
94.8000000000012 421
94.8500000000012 422
94.9000000000012 424
94.95000000000121 425
95.00000000000121 427
95.0500000000012 428
95.10000000000122 429
95.15000000000121 429
95.20000000000121 429
95.25000000000121 431
95.3000000000012 432
95.35000000000122 433
95.40000000000121 435
95.45000000000121 436
95.50000000000122 437
95.55000000000122 437
95.60000000000122 438
95.65000000000121 439
95.70000000000121 439
95.75000000000122 439
95.80000000000122 439
95.85000000000122 439
95.90000000000123 439
95.95000000000122 439
96.00000000000122 439
96.05000000000122 441
96.10000000000122 443
96.15000000000123 445
96.20000000000122 447
96.25000000000122 448
96.30000000000123 450
96.35000000000123 452
96.40000000000123 454
96.45000000000122 456
96.50000000000122 458
96.55000000000123 461
96.60000000000123 463
96.65000000000123 465
96.70000000000124 467
96.75000000000124 469
96.80000000000123 471
96.85000000000123 473
96.90000000000123 475
96.95000000000124 477
97.00000000000124 479
97.05000000000123 481
97.10000000000124 483
97.15000000000124 486
97.20000000000124 488
97.25000000000124 490
97.30000000000123 492
97.35000000000124 494
97.40000000000124 496
97.45000000000124 498
97.50000000000125 500
97.55000000000125 502
97.60000000000124 504
97.65000000000124 506
97.70000000000124 508
97.75000000000125 510
97.80000000000125 513
97.85000000000124 514
97.90000000000126 514
97.95000000000125 515
98.00000000000125 517
98.05000000000125 519
98.10000000000124 521
98.15000000000126 523
98.20000000000125 525
98.25000000000125 527
98.30000000000126 529
98.35000000000126 531
98.40000000000126 533
98.45000000000125 535
98.50000000000125 536
98.55000000000126 536
98.60000000000126 537
98.65000000000126 539
98.70000000000127 540
98.75000000000126 540
98.80000000000126 541
98.85000000000126 541
98.90000000000126 541
98.95000000000127 541
99.00000000000126 541
99.05000000000126 541
99.10000000000127 541
99.15000000000127 541
99.20000000000127 541
99.25000000000126 542
99.30000000000126 542
99.35000000000127 543
99.40000000000127 543
99.45000000000127 543
99.50000000000128 543
99.55000000000128 543
99.60000000000127 544
99.65000000000127 547
99.70000000000127 549
99.75000000000128 550
99.80000000000128 552
99.85000000000127 554
99.90000000000128 555
99.95000000000128 558
